Source	Target	Type	Weight
50750	112206	Undirected	4.0
50750	-199356	Undirected	4.0
50750	43504	Undirected	4.0
50750	2451	Undirected	4.0
50750	16056	Undirected	4.0
50750	-159364	Undirected	4.0
50750	115183	Undirected	4.0
50750	-464583	Undirected	4.0
50750	-480284	Undirected	4.0
50750	96777	Undirected	4.0
50750	-218454	Undirected	4.0
83317	49734	Undirected	4.0
83317	5592	Undirected	4.0
83317	3322	Undirected	4.0
83317	43946	Undirected	5.0
83317	62734	Undirected	5.0
83317	124105	Undirected	4.0
83317	34187	Undirected	5.0
83317	-117640	Undirected	4.0
49734	5592	Undirected	4.0
49734	3322	Undirected	4.0
49734	43946	Undirected	4.0
49734	62734	Undirected	4.0
49734	124105	Undirected	4.0
49734	34187	Undirected	4.0
5592	3322	Undirected	4.0
5592	43946	Undirected	4.0
5592	62734	Undirected	4.0
5592	124105	Undirected	4.0
5592	34187	Undirected	4.0
3322	43946	Undirected	4.0
3322	62734	Undirected	4.0
3322	124105	Undirected	4.0
3322	34187	Undirected	4.0
43946	62734	Undirected	4.0
43946	124105	Undirected	4.0
43946	34187	Undirected	5.0
43946	-242443	Undirected	4.0
43946	39752	Undirected	4.0
43946	3262	Undirected	4.0
43946	76625	Undirected	4.0
43946	95046	Undirected	4.0
43946	54110	Undirected	6.0
43946	36103	Undirected	4.0
43946	12945	Undirected	4.0
43946	8111	Undirected	4.0
43946	-211480	Undirected	4.0
43946	39084	Undirected	4.0
43946	6882	Undirected	4.0
43946	2627	Undirected	4.0
43946	72895	Undirected	4.0
43946	17707	Undirected	4.0
43946	-357490	Undirected	4.0
43946	34519	Undirected	4.0
43946	35210	Undirected	4.0
43946	61977	Undirected	4.0
43946	72554	Undirected	4.0
43946	87566	Undirected	5.0
43946	-117640	Undirected	6.0
43946	-399564	Undirected	4.0
43946	-518814	Undirected	4.0
43946	122900	Undirected	4.0
62734	124105	Undirected	4.0
62734	34187	Undirected	5.0
124105	34187	Undirected	4.0
34187	22096	Undirected	4.0
34187	54110	Undirected	4.0
34187	-198610	Undirected	4.0
34187	36758	Undirected	4.0
34187	54239	Undirected	4.0
-242443	50145	Undirected	4.0
-242443	-95963	Undirected	4.0
-242443	102086	Undirected	4.0
-242443	39752	Undirected	4.0
-242443	-399202	Undirected	4.0
-242443	2683	Undirected	4.0
-242443	37796	Undirected	4.0
-242443	-466014	Undirected	4.0
-389830	-419516	Undirected	5.0
-389830	50120	Undirected	5.0
-389830	50695	Undirected	5.0
-389830	-181942	Undirected	5.0
-389830	10032	Undirected	5.0
-389830	111515	Undirected	5.0
-389830	62186	Undirected	5.0
-389830	-418008	Undirected	5.0
-389830	34631	Undirected	5.0
-389830	43529	Undirected	4.0
-419516	50120	Undirected	5.0
-419516	50695	Undirected	5.0
-419516	-181942	Undirected	5.0
-419516	10032	Undirected	5.0
-419516	111515	Undirected	5.0
-419516	62186	Undirected	5.0
-419516	-418008	Undirected	5.0
-419516	34631	Undirected	5.0
-419516	43529	Undirected	4.0
50120	50695	Undirected	5.0
50120	-181942	Undirected	5.0
50120	10032	Undirected	6.0
50120	111515	Undirected	5.0
50120	62186	Undirected	5.0
50120	-418008	Undirected	5.0
50120	34631	Undirected	5.0
50120	43529	Undirected	4.0
50695	-181942	Undirected	5.0
50695	10032	Undirected	5.0
50695	111515	Undirected	5.0
50695	62186	Undirected	5.0
50695	-418008	Undirected	5.0
50695	34631	Undirected	5.0
50695	43529	Undirected	4.0
-181942	10032	Undirected	5.0
-181942	111515	Undirected	5.0
-181942	62186	Undirected	5.0
-181942	-418008	Undirected	5.0
-181942	34631	Undirected	5.0
-181942	43529	Undirected	4.0
10032	111515	Undirected	5.0
10032	62186	Undirected	5.0
10032	-418008	Undirected	5.0
10032	34631	Undirected	5.0
10032	43529	Undirected	4.0
111515	62186	Undirected	5.0
111515	-418008	Undirected	5.0
111515	34631	Undirected	5.0
111515	43529	Undirected	4.0
62186	-418008	Undirected	5.0
62186	34631	Undirected	5.0
62186	43529	Undirected	4.0
-418008	34631	Undirected	5.0
-418008	43529	Undirected	4.0
-418008	-236908	Undirected	4.0
34631	67244	Undirected	4.0
34631	-191201	Undirected	4.0
34631	43529	Undirected	5.0
34631	-120212	Undirected	4.0
34631	-23873	Undirected	4.0
34631	41846	Undirected	4.0
34631	78875	Undirected	4.0
34631	42780	Undirected	4.0
34631	-161344	Undirected	4.0
34631	41915	Undirected	4.0
34631	42031	Undirected	4.0
34631	9409	Undirected	4.0
34631	13957	Undirected	4.0
34631	55914	Undirected	4.0
34631	101564	Undirected	4.0
34631	24189	Undirected	4.0
34631	56727	Undirected	4.0
34631	113809	Undirected	4.0
34631	17143	Undirected	4.0
34631	-393156	Undirected	4.0
34631	55710	Undirected	4.0
34631	58157	Undirected	4.0
34631	89185	Undirected	4.0
34631	70395	Undirected	4.0
34631	-251824	Undirected	4.0
34631	117837	Undirected	4.0
34631	81895	Undirected	4.0
34631	104071	Undirected	4.0
34631	-236908	Undirected	4.0
34631	-79678	Undirected	4.0
67244	-191201	Undirected	4.0
67244	43529	Undirected	5.0
67244	-120212	Undirected	4.0
67244	-23873	Undirected	4.0
67244	41846	Undirected	4.0
67244	78875	Undirected	4.0
67244	42780	Undirected	5.0
67244	-161344	Undirected	4.0
67244	41915	Undirected	6.0
67244	42031	Undirected	4.0
67244	9409	Undirected	4.0
67244	13957	Undirected	5.0
67244	55914	Undirected	4.0
67244	101564	Undirected	4.0
67244	24189	Undirected	4.0
67244	56727	Undirected	4.0
67244	113809	Undirected	4.0
67244	17143	Undirected	4.0
67244	-393156	Undirected	5.0
67244	55710	Undirected	4.0
67244	58157	Undirected	4.0
67244	89185	Undirected	4.0
67244	70395	Undirected	4.0
67244	-251824	Undirected	4.0
67244	117837	Undirected	4.0
67244	81895	Undirected	4.0
67244	104071	Undirected	4.0
67244	-236908	Undirected	4.0
67244	41970	Undirected	4.0
67244	-171947	Undirected	4.0
67244	-114483	Undirected	4.0
67244	-79678	Undirected	4.0
67244	-164791	Undirected	4.0
67244	12426	Undirected	4.0
67244	35009	Undirected	4.0
67244	126084	Undirected	4.0
-191201	43529	Undirected	5.0
-191201	-120212	Undirected	4.0
-191201	-23873	Undirected	4.0
-191201	41846	Undirected	4.0
-191201	78875	Undirected	4.0
-191201	42780	Undirected	5.0
-191201	-161344	Undirected	4.0
-191201	41915	Undirected	5.0
-191201	42031	Undirected	4.0
-191201	9409	Undirected	6.0
-191201	13957	Undirected	4.0
-191201	55914	Undirected	6.0
-191201	101564	Undirected	4.0
-191201	24189	Undirected	5.0
-191201	56727	Undirected	4.0
-191201	113809	Undirected	4.0
-191201	17143	Undirected	4.0
-191201	-393156	Undirected	5.0
-191201	55710	Undirected	4.0
-191201	58157	Undirected	4.0
-191201	89185	Undirected	4.0
-191201	70395	Undirected	4.0
-191201	-251824	Undirected	4.0
-191201	117837	Undirected	4.0
-191201	81895	Undirected	4.0
-191201	104071	Undirected	5.0
-191201	-236908	Undirected	4.0
-191201	-79678	Undirected	4.0
-191201	126084	Undirected	4.0
43529	-120212	Undirected	4.0
43529	-23873	Undirected	4.0
43529	41846	Undirected	4.0
43529	78875	Undirected	4.0
43529	42780	Undirected	6.0
43529	-161344	Undirected	4.0
43529	41915	Undirected	6.0
43529	42031	Undirected	4.0
43529	9409	Undirected	5.0
43529	13957	Undirected	5.0
43529	55914	Undirected	5.0
43529	101564	Undirected	4.0
43529	24189	Undirected	5.0
43529	56727	Undirected	4.0
43529	113809	Undirected	4.0
43529	17143	Undirected	4.0
43529	-393156	Undirected	6.0
43529	55710	Undirected	4.0
43529	58157	Undirected	4.0
43529	89185	Undirected	4.0
43529	70395	Undirected	4.0
43529	-251824	Undirected	4.0
43529	117837	Undirected	4.0
43529	81895	Undirected	4.0
43529	104071	Undirected	5.0
43529	-236908	Undirected	4.0
43529	41970	Undirected	4.0
43529	-171947	Undirected	4.0
43529	-114483	Undirected	4.0
43529	-79678	Undirected	6.0
43529	-164791	Undirected	4.0
43529	12426	Undirected	4.0
43529	35009	Undirected	4.0
43529	126084	Undirected	5.0
-120212	-23873	Undirected	4.0
-120212	41846	Undirected	4.0
-120212	78875	Undirected	4.0
-120212	42780	Undirected	4.0
-120212	-161344	Undirected	4.0
-120212	41915	Undirected	4.0
-120212	42031	Undirected	4.0
-120212	9409	Undirected	4.0
-120212	13957	Undirected	4.0
-120212	55914	Undirected	4.0
-120212	101564	Undirected	4.0
-120212	24189	Undirected	4.0
-120212	56727	Undirected	4.0
-120212	113809	Undirected	4.0
-120212	17143	Undirected	4.0
-120212	-393156	Undirected	4.0
-120212	55710	Undirected	4.0
-120212	58157	Undirected	4.0
-120212	89185	Undirected	4.0
-120212	70395	Undirected	4.0
-120212	-251824	Undirected	4.0
-120212	117837	Undirected	4.0
-120212	81895	Undirected	4.0
-120212	104071	Undirected	4.0
-120212	-236908	Undirected	4.0
-23873	41846	Undirected	4.0
-23873	78875	Undirected	4.0
-23873	42780	Undirected	4.0
-23873	-161344	Undirected	4.0
-23873	41915	Undirected	4.0
-23873	42031	Undirected	4.0
-23873	9409	Undirected	4.0
-23873	13957	Undirected	4.0
-23873	55914	Undirected	4.0
-23873	101564	Undirected	4.0
-23873	24189	Undirected	4.0
-23873	56727	Undirected	4.0
-23873	113809	Undirected	4.0
-23873	17143	Undirected	4.0
-23873	-393156	Undirected	4.0
-23873	55710	Undirected	4.0
-23873	58157	Undirected	4.0
-23873	89185	Undirected	4.0
-23873	70395	Undirected	4.0
-23873	-251824	Undirected	4.0
-23873	117837	Undirected	4.0
-23873	81895	Undirected	4.0
-23873	104071	Undirected	4.0
-23873	-236908	Undirected	4.0
41846	78875	Undirected	4.0
41846	42780	Undirected	4.0
41846	-161344	Undirected	4.0
41846	41915	Undirected	4.0
41846	42031	Undirected	4.0
41846	9409	Undirected	4.0
41846	13957	Undirected	4.0
41846	55914	Undirected	4.0
41846	101564	Undirected	4.0
41846	24189	Undirected	4.0
41846	56727	Undirected	4.0
41846	113809	Undirected	4.0
41846	17143	Undirected	4.0
41846	-393156	Undirected	4.0
41846	55710	Undirected	4.0
41846	58157	Undirected	4.0
41846	89185	Undirected	4.0
41846	70395	Undirected	4.0
41846	-251824	Undirected	4.0
41846	117837	Undirected	4.0
41846	81895	Undirected	4.0
41846	104071	Undirected	4.0
41846	-236908	Undirected	4.0
78875	42780	Undirected	4.0
78875	-161344	Undirected	4.0
78875	41915	Undirected	4.0
78875	42031	Undirected	4.0
78875	9409	Undirected	4.0
78875	13957	Undirected	4.0
78875	55914	Undirected	4.0
78875	101564	Undirected	4.0
78875	24189	Undirected	4.0
78875	56727	Undirected	4.0
78875	113809	Undirected	4.0
78875	17143	Undirected	4.0
78875	-393156	Undirected	4.0
78875	55710	Undirected	4.0
78875	58157	Undirected	4.0
78875	89185	Undirected	4.0
78875	70395	Undirected	4.0
78875	-251824	Undirected	4.0
78875	117837	Undirected	4.0
78875	81895	Undirected	4.0
78875	104071	Undirected	4.0
78875	-236908	Undirected	4.0
42780	-161344	Undirected	4.0
42780	41915	Undirected	6.0
42780	42031	Undirected	4.0
42780	9409	Undirected	5.0
42780	13957	Undirected	5.0
42780	55914	Undirected	5.0
42780	101564	Undirected	4.0
42780	24189	Undirected	5.0
42780	56727	Undirected	4.0
42780	113809	Undirected	4.0
42780	17143	Undirected	4.0
42780	-393156	Undirected	6.0
42780	55710	Undirected	4.0
42780	58157	Undirected	4.0
42780	89185	Undirected	4.0
42780	70395	Undirected	4.0
42780	-251824	Undirected	4.0
42780	117837	Undirected	4.0
42780	81895	Undirected	4.0
42780	104071	Undirected	5.0
42780	-236908	Undirected	4.0
42780	41970	Undirected	4.0
42780	-171947	Undirected	4.0
42780	-114483	Undirected	4.0
42780	-79678	Undirected	5.0
42780	-164791	Undirected	4.0
42780	12426	Undirected	4.0
42780	35009	Undirected	4.0
42780	126084	Undirected	5.0
-161344	41915	Undirected	4.0
-161344	42031	Undirected	4.0
-161344	9409	Undirected	4.0
-161344	13957	Undirected	4.0
-161344	55914	Undirected	4.0
-161344	101564	Undirected	4.0
-161344	24189	Undirected	4.0
-161344	56727	Undirected	4.0
-161344	113809	Undirected	4.0
-161344	17143	Undirected	4.0
-161344	-393156	Undirected	4.0
-161344	55710	Undirected	4.0
-161344	58157	Undirected	4.0
-161344	89185	Undirected	4.0
-161344	70395	Undirected	4.0
-161344	-251824	Undirected	4.0
-161344	117837	Undirected	4.0
-161344	81895	Undirected	4.0
-161344	104071	Undirected	4.0
-161344	-236908	Undirected	4.0
41915	42031	Undirected	4.0
41915	9409	Undirected	5.0
41915	13957	Undirected	5.0
41915	55914	Undirected	5.0
41915	101564	Undirected	4.0
41915	24189	Undirected	5.0
41915	56727	Undirected	4.0
41915	113809	Undirected	4.0
41915	17143	Undirected	4.0
41915	-393156	Undirected	6.0
41915	55710	Undirected	4.0
41915	58157	Undirected	4.0
41915	89185	Undirected	4.0
41915	70395	Undirected	4.0
41915	-251824	Undirected	4.0
41915	117837	Undirected	4.0
41915	81895	Undirected	4.0
41915	104071	Undirected	5.0
41915	-236908	Undirected	4.0
41915	-209647	Undirected	4.0
41915	51895	Undirected	5.0
41915	65489	Undirected	5.0
41915	41970	Undirected	4.0
41915	-171947	Undirected	5.0
41915	-114483	Undirected	4.0
41915	-79678	Undirected	7.0
41915	-164791	Undirected	4.0
41915	12426	Undirected	4.0
41915	35009	Undirected	4.0
41915	126084	Undirected	5.0
41915	-79240	Undirected	5.0
41915	41984	Undirected	4.0
41915	-212193	Undirected	4.0
41915	-188882	Undirected	4.0
41915	75573	Undirected	4.0
41915	-80458	Undirected	4.0
41915	7223	Undirected	4.0
41915	41455	Undirected	4.0
41915	56821	Undirected	4.0
42031	9409	Undirected	4.0
42031	13957	Undirected	4.0
42031	55914	Undirected	4.0
42031	101564	Undirected	4.0
42031	24189	Undirected	4.0
42031	56727	Undirected	4.0
42031	113809	Undirected	4.0
42031	17143	Undirected	4.0
42031	-393156	Undirected	4.0
42031	55710	Undirected	4.0
42031	58157	Undirected	4.0
42031	89185	Undirected	4.0
42031	70395	Undirected	4.0
42031	-251824	Undirected	4.0
42031	117837	Undirected	4.0
42031	81895	Undirected	4.0
42031	104071	Undirected	4.0
42031	-236908	Undirected	4.0
9409	13957	Undirected	4.0
9409	55914	Undirected	6.0
9409	101564	Undirected	4.0
9409	24189	Undirected	5.0
9409	56727	Undirected	4.0
9409	113809	Undirected	4.0
9409	17143	Undirected	4.0
9409	-393156	Undirected	5.0
9409	55710	Undirected	4.0
9409	58157	Undirected	4.0
9409	89185	Undirected	4.0
9409	70395	Undirected	4.0
9409	-251824	Undirected	4.0
9409	117837	Undirected	4.0
9409	81895	Undirected	4.0
9409	104071	Undirected	5.0
9409	-236908	Undirected	4.0
9409	-79678	Undirected	4.0
9409	126084	Undirected	4.0
13957	55914	Undirected	4.0
13957	101564	Undirected	4.0
13957	24189	Undirected	4.0
13957	56727	Undirected	4.0
13957	113809	Undirected	4.0
13957	17143	Undirected	4.0
13957	-393156	Undirected	5.0
13957	55710	Undirected	4.0
13957	58157	Undirected	4.0
13957	89185	Undirected	4.0
13957	70395	Undirected	4.0
13957	-251824	Undirected	4.0
13957	117837	Undirected	4.0
13957	81895	Undirected	4.0
13957	104071	Undirected	4.0
13957	-236908	Undirected	4.0
13957	41970	Undirected	4.0
13957	-171947	Undirected	4.0
13957	-114483	Undirected	4.0
13957	-79678	Undirected	4.0
13957	-164791	Undirected	4.0
13957	12426	Undirected	4.0
13957	35009	Undirected	4.0
13957	126084	Undirected	4.0
55914	101564	Undirected	4.0
55914	24189	Undirected	5.0
55914	56727	Undirected	4.0
55914	113809	Undirected	4.0
55914	17143	Undirected	4.0
55914	-393156	Undirected	5.0
55914	55710	Undirected	4.0
55914	58157	Undirected	4.0
55914	89185	Undirected	4.0
55914	70395	Undirected	4.0
55914	-251824	Undirected	4.0
55914	117837	Undirected	4.0
55914	81895	Undirected	4.0
55914	104071	Undirected	5.0
55914	-236908	Undirected	4.0
55914	-79678	Undirected	4.0
55914	126084	Undirected	4.0
101564	24189	Undirected	4.0
101564	56727	Undirected	4.0
101564	113809	Undirected	4.0
101564	17143	Undirected	4.0
101564	-393156	Undirected	4.0
101564	55710	Undirected	4.0
101564	58157	Undirected	4.0
101564	89185	Undirected	4.0
101564	70395	Undirected	4.0
101564	-251824	Undirected	4.0
101564	117837	Undirected	4.0
101564	81895	Undirected	4.0
101564	104071	Undirected	4.0
101564	-236908	Undirected	4.0
24189	56727	Undirected	4.0
24189	113809	Undirected	4.0
24189	17143	Undirected	4.0
24189	-393156	Undirected	5.0
24189	55710	Undirected	4.0
24189	58157	Undirected	4.0
24189	89185	Undirected	4.0
24189	70395	Undirected	4.0
24189	-251824	Undirected	4.0
24189	117837	Undirected	4.0
24189	81895	Undirected	4.0
24189	104071	Undirected	5.0
24189	-236908	Undirected	4.0
24189	-79678	Undirected	4.0
24189	126084	Undirected	4.0
56727	113809	Undirected	4.0
56727	17143	Undirected	4.0
56727	-393156	Undirected	4.0
56727	55710	Undirected	4.0
56727	58157	Undirected	4.0
56727	89185	Undirected	4.0
56727	70395	Undirected	4.0
56727	-251824	Undirected	4.0
56727	117837	Undirected	4.0
56727	81895	Undirected	4.0
56727	104071	Undirected	4.0
56727	-236908	Undirected	4.0
113809	17143	Undirected	4.0
113809	-393156	Undirected	4.0
113809	55710	Undirected	4.0
113809	58157	Undirected	4.0
113809	89185	Undirected	4.0
113809	70395	Undirected	4.0
113809	-251824	Undirected	4.0
113809	117837	Undirected	4.0
113809	81895	Undirected	4.0
113809	104071	Undirected	4.0
113809	-236908	Undirected	4.0
17143	-393156	Undirected	4.0
17143	55710	Undirected	4.0
17143	58157	Undirected	4.0
17143	89185	Undirected	4.0
17143	70395	Undirected	4.0
17143	-251824	Undirected	4.0
17143	117837	Undirected	4.0
17143	81895	Undirected	4.0
17143	104071	Undirected	4.0
17143	-236908	Undirected	4.0
-393156	55710	Undirected	4.0
-393156	58157	Undirected	4.0
-393156	89185	Undirected	4.0
-393156	70395	Undirected	4.0
-393156	-251824	Undirected	4.0
-393156	117837	Undirected	4.0
-393156	81895	Undirected	4.0
-393156	104071	Undirected	5.0
-393156	-236908	Undirected	4.0
-393156	3113	Undirected	4.0
-393156	41970	Undirected	4.0
-393156	-171947	Undirected	4.0
-393156	-114483	Undirected	4.0
-393156	-79678	Undirected	5.0
-393156	-164791	Undirected	4.0
-393156	12426	Undirected	4.0
-393156	35009	Undirected	4.0
-393156	126084	Undirected	5.0
-393156	80632	Undirected	4.0
55710	58157	Undirected	4.0
55710	89185	Undirected	4.0
55710	70395	Undirected	4.0
55710	-251824	Undirected	4.0
55710	117837	Undirected	4.0
55710	81895	Undirected	4.0
55710	104071	Undirected	4.0
55710	-236908	Undirected	4.0
58157	89185	Undirected	4.0
58157	70395	Undirected	4.0
58157	-251824	Undirected	4.0
58157	117837	Undirected	4.0
58157	81895	Undirected	4.0
58157	104071	Undirected	4.0
58157	-236908	Undirected	4.0
89185	70395	Undirected	4.0
89185	-251824	Undirected	4.0
89185	117837	Undirected	4.0
89185	81895	Undirected	4.0
89185	104071	Undirected	4.0
89185	-236908	Undirected	4.0
70395	-251824	Undirected	4.0
70395	117837	Undirected	4.0
70395	81895	Undirected	4.0
70395	104071	Undirected	4.0
70395	-236908	Undirected	4.0
-251824	117837	Undirected	4.0
-251824	81895	Undirected	4.0
-251824	104071	Undirected	4.0
-251824	-236908	Undirected	4.0
117837	81895	Undirected	4.0
117837	104071	Undirected	4.0
117837	-236908	Undirected	4.0
81895	104071	Undirected	4.0
81895	-236908	Undirected	4.0
104071	-236908	Undirected	4.0
104071	-79678	Undirected	4.0
104071	126084	Undirected	4.0
50145	-95963	Undirected	6.0
50145	102086	Undirected	7.0
50145	17379	Undirected	4.0
50145	39752	Undirected	5.0
50145	-399202	Undirected	5.0
50145	2683	Undirected	4.0
50145	12945	Undirected	4.0
50145	61977	Undirected	5.0
50145	87566	Undirected	4.0
50145	13313	Undirected	4.0
50145	14808	Undirected	4.0
50145	37796	Undirected	4.0
50145	27937	Undirected	4.0
50145	-465702	Undirected	4.0
50145	15576	Undirected	4.0
50145	5779	Undirected	4.0
-95963	102086	Undirected	6.0
-95963	39752	Undirected	5.0
-95963	-399202	Undirected	4.0
-95963	61977	Undirected	4.0
102086	17379	Undirected	4.0
102086	39752	Undirected	5.0
102086	-399202	Undirected	5.0
102086	2683	Undirected	4.0
102086	61977	Undirected	4.0
102086	72554	Undirected	4.0
102086	87566	Undirected	4.0
102086	-465702	Undirected	4.0
102086	15576	Undirected	4.0
102086	5779	Undirected	4.0
22096	115780	Undirected	4.0
22096	-507530	Undirected	7.0
22096	14887	Undirected	7.0
22096	5838	Undirected	7.0
22096	48363	Undirected	7.0
22096	68929	Undirected	7.0
22096	-169388	Undirected	8.0
22096	-192571	Undirected	9.0
22096	-26391	Undirected	9.0
22096	-26383	Undirected	9.0
22096	81425	Undirected	9.0
22096	68565	Undirected	5.0
22096	-119079	Undirected	4.0
22096	-221519	Undirected	5.0
22096	-154669	Undirected	4.0
22096	7747	Undirected	9.0
22096	79744	Undirected	9.0
22096	100918	Undirected	9.0
22096	103689	Undirected	9.0
22096	34742	Undirected	9.0
22096	-182372	Undirected	9.0
22096	53130	Undirected	9.0
22096	-188643	Undirected	9.0
22096	38487	Undirected	9.0
22096	2583	Undirected	9.0
22096	21508	Undirected	9.0
22096	31161	Undirected	9.0
22096	15899	Undirected	9.0
22096	-421481	Undirected	9.0
22096	-218763	Undirected	7.0
22096	39143	Undirected	7.0
22096	76149	Undirected	7.0
22096	43470	Undirected	8.0
22096	38641	Undirected	7.0
22096	78876	Undirected	7.0
22096	-493504	Undirected	7.0
22096	11671	Undirected	5.0
22096	37755	Undirected	8.0
22096	29315	Undirected	8.0
22096	91872	Undirected	8.0
22096	60732	Undirected	8.0
22096	105371	Undirected	8.0
22096	7600	Undirected	8.0
22096	-304143	Undirected	8.0
22096	17736	Undirected	8.0
22096	-234889	Undirected	8.0
22096	27121	Undirected	9.0
22096	-181243	Undirected	8.0
22096	-169061	Undirected	8.0
22096	55085	Undirected	8.0
22096	14726	Undirected	8.0
22096	5127	Undirected	8.0
22096	1373	Undirected	8.0
22096	101454	Undirected	8.0
22096	56751	Undirected	8.0
22096	2221	Undirected	8.0
22096	2493	Undirected	8.0
22096	125287	Undirected	8.0
22096	108100	Undirected	8.0
22096	17694	Undirected	8.0
22096	-253965	Undirected	8.0
22096	-124727	Undirected	8.0
22096	-12953	Undirected	8.0
22096	66256	Undirected	8.0
22096	71590	Undirected	6.0
22096	-129543	Undirected	4.0
22096	-471482	Undirected	4.0
22096	117173	Undirected	4.0
22096	-21575	Undirected	4.0
22096	-188815	Undirected	4.0
22096	56480	Undirected	5.0
22096	-439280	Undirected	4.0
22096	115742	Undirected	5.0
22096	96893	Undirected	4.0
22096	110718	Undirected	4.0
22096	4826	Undirected	4.0
91630	94544	Undirected	4.0
-427945	3262	Undirected	4.0
-427945	44531	Undirected	4.0
-427945	59531	Undirected	4.0
-427945	9148	Undirected	4.0
-427945	-187310	Undirected	4.0
-427945	21865	Undirected	4.0
-427945	42706	Undirected	4.0
-427945	115093	Undirected	4.0
-427945	76625	Undirected	4.0
15493	102975	Undirected	7.0
15493	99032	Undirected	5.0
15493	117299	Undirected	5.0
15493	-183918	Undirected	6.0
15493	-95524	Undirected	6.0
15493	28727	Undirected	5.0
15493	55346	Undirected	5.0
15493	72611	Undirected	5.0
15493	3113	Undirected	4.0
15493	41202	Undirected	4.0
15493	40395	Undirected	4.0
15493	39752	Undirected	5.0
15493	-399202	Undirected	5.0
15493	49267	Undirected	4.0
15493	44531	Undirected	5.0
15493	116932	Undirected	4.0
15493	95046	Undirected	4.0
15493	36103	Undirected	4.0
15493	11579	Undirected	4.0
15493	11780	Undirected	4.0
15493	50579	Undirected	4.0
15493	10928	Undirected	4.0
102975	99032	Undirected	5.0
102975	117299	Undirected	5.0
102975	-183918	Undirected	5.0
102975	-95524	Undirected	5.0
102975	28727	Undirected	5.0
102975	55346	Undirected	5.0
102975	72611	Undirected	5.0
102975	39752	Undirected	4.0
102975	-399202	Undirected	4.0
102975	49267	Undirected	4.0
102975	44531	Undirected	4.0
99032	117299	Undirected	5.0
99032	-183918	Undirected	5.0
99032	-95524	Undirected	5.0
99032	28727	Undirected	5.0
99032	55346	Undirected	5.0
99032	72611	Undirected	5.0
99032	39752	Undirected	4.0
99032	-399202	Undirected	4.0
99032	49267	Undirected	4.0
117299	-183918	Undirected	5.0
117299	-95524	Undirected	5.0
117299	28727	Undirected	5.0
117299	55346	Undirected	5.0
117299	72611	Undirected	5.0
117299	39752	Undirected	4.0
117299	-399202	Undirected	4.0
117299	49267	Undirected	4.0
-183918	-95524	Undirected	6.0
-183918	28727	Undirected	5.0
-183918	55346	Undirected	5.0
-183918	72611	Undirected	5.0
-183918	3113	Undirected	4.0
-183918	43470	Undirected	4.0
-183918	39752	Undirected	5.0
-183918	-399202	Undirected	5.0
-183918	49267	Undirected	4.0
-183918	25203	Undirected	4.0
-183918	-21184	Undirected	4.0
-183918	-223180	Undirected	4.0
-183918	95046	Undirected	4.0
-183918	106640	Undirected	4.0
-183918	82103	Undirected	4.0
-183918	29823	Undirected	4.0
-183918	-429174	Undirected	4.0
-183918	-116491	Undirected	4.0
-183918	74829	Undirected	4.0
-183918	-198610	Undirected	5.0
-183918	115654	Undirected	4.0
-183918	23398	Undirected	5.0
-183918	36758	Undirected	5.0
-183918	54239	Undirected	5.0
-183918	-117404	Undirected	6.0
-183918	31317	Undirected	5.0
-183918	46253	Undirected	5.0
-183918	790	Undirected	5.0
-183918	96816	Undirected	5.0
-183918	-515733	Undirected	5.0
-95524	28727	Undirected	5.0
-95524	55346	Undirected	5.0
-95524	72611	Undirected	5.0
-95524	3113	Undirected	4.0
-95524	39752	Undirected	5.0
-95524	-399202	Undirected	5.0
-95524	49267	Undirected	4.0
-95524	95046	Undirected	4.0
28727	55346	Undirected	5.0
28727	72611	Undirected	5.0
28727	17379	Undirected	5.0
28727	39752	Undirected	5.0
28727	-399202	Undirected	5.0
28727	49267	Undirected	5.0
28727	115867	Undirected	5.0
28727	95046	Undirected	5.0
28727	15755	Undirected	4.0
28727	68130	Undirected	4.0
28727	-422664	Undirected	5.0
55346	72611	Undirected	5.0
55346	39752	Undirected	4.0
55346	-399202	Undirected	4.0
55346	49267	Undirected	4.0
72611	39752	Undirected	4.0
72611	-399202	Undirected	4.0
72611	49267	Undirected	4.0
-209647	51895	Undirected	5.0
-209647	65489	Undirected	5.0
-209647	54941	Undirected	4.0
-209647	-79240	Undirected	4.0
-209647	41984	Undirected	5.0
-209647	-212193	Undirected	5.0
-209647	-188882	Undirected	4.0
-209647	75573	Undirected	4.0
-209647	-80458	Undirected	4.0
-209647	7223	Undirected	4.0
-209647	41455	Undirected	4.0
-209647	56821	Undirected	4.0
51895	65489	Undirected	6.0
51895	9521	Undirected	4.0
51895	-79678	Undirected	4.0
51895	-79240	Undirected	5.0
51895	41984	Undirected	5.0
51895	-212193	Undirected	5.0
51895	-188882	Undirected	6.0
51895	75573	Undirected	5.0
51895	-80458	Undirected	5.0
51895	7223	Undirected	5.0
51895	41455	Undirected	5.0
51895	56821	Undirected	6.0
65489	53031	Undirected	4.0
65489	-79678	Undirected	4.0
65489	-79240	Undirected	5.0
65489	41984	Undirected	5.0
65489	-212193	Undirected	5.0
65489	-188882	Undirected	5.0
65489	75573	Undirected	5.0
65489	-80458	Undirected	5.0
65489	7223	Undirected	6.0
65489	41455	Undirected	5.0
65489	56821	Undirected	5.0
48379	-254212	Undirected	4.0
48379	-464044	Undirected	4.0
-254212	-464044	Undirected	4.0
-242884	-304420	Undirected	6.0
-242884	37719	Undirected	4.0
-242884	37692	Undirected	4.0
-242884	80634	Undirected	4.0
-242884	13540	Undirected	4.0
-242884	28545	Undirected	4.0
-242884	-180790	Undirected	4.0
-242884	51807	Undirected	5.0
-242884	40357	Undirected	4.0
-242884	44695	Undirected	4.0
-242884	109724	Undirected	4.0
-242884	31886	Undirected	4.0
-242884	76480	Undirected	4.0
-242884	12687	Undirected	5.0
-242884	37401	Undirected	4.0
-242884	-13537	Undirected	4.0
-304420	37719	Undirected	4.0
-304420	37692	Undirected	5.0
-304420	-79145	Undirected	4.0
-304420	80634	Undirected	4.0
-304420	13540	Undirected	4.0
-304420	28545	Undirected	4.0
-304420	-180790	Undirected	4.0
-304420	-125362	Undirected	4.0
-304420	51807	Undirected	6.0
-304420	40357	Undirected	5.0
-304420	44695	Undirected	5.0
-304420	109724	Undirected	5.0
-304420	31886	Undirected	5.0
-304420	76480	Undirected	4.0
-304420	12687	Undirected	6.0
-304420	37401	Undirected	5.0
-304420	35937	Undirected	4.0
-304420	3618	Undirected	4.0
-304420	93129	Undirected	4.0
-304420	89280	Undirected	4.0
-304420	55324	Undirected	4.0
-304420	-297874	Undirected	4.0
-304420	54484	Undirected	4.0
-304420	76878	Undirected	4.0
-304420	-13537	Undirected	4.0
17665	37719	Undirected	8.0
17665	55263	Undirected	8.0
17665	125669	Undirected	4.0
17665	1488	Undirected	4.0
17665	10387	Undirected	4.0
17665	13520	Undirected	4.0
17665	-15330	Undirected	4.0
17665	-14717	Undirected	4.0
17665	1219	Undirected	4.0
17665	102972	Undirected	6.0
17665	30550	Undirected	6.0
17665	-361751	Undirected	6.0
17665	-289013	Undirected	6.0
17665	-229913	Undirected	6.0
17665	6728	Undirected	6.0
17665	-161562	Undirected	6.0
17665	40612	Undirected	6.0
17665	-153810	Undirected	7.0
17665	128335	Undirected	6.0
17665	-123382	Undirected	4.0
17665	12861	Undirected	4.0
17665	-104233	Undirected	4.0
17665	-456155	Undirected	4.0
17665	-395173	Undirected	4.0
17665	-140023	Undirected	4.0
37719	55263	Undirected	8.0
37719	729	Undirected	4.0
37719	-91536	Undirected	4.0
37719	125669	Undirected	4.0
37719	1488	Undirected	4.0
37719	10387	Undirected	5.0
37719	13520	Undirected	5.0
37719	-116694	Undirected	4.0
37719	-15330	Undirected	4.0
37719	-14717	Undirected	4.0
37719	1219	Undirected	4.0
37719	109944	Undirected	4.0
37719	102972	Undirected	8.0
37719	92028	Undirected	4.0
37719	68709	Undirected	4.0
37719	80634	Undirected	4.0
37719	13540	Undirected	5.0
37719	-244873	Undirected	4.0
37719	-180790	Undirected	4.0
37719	130377	Undirected	4.0
37719	-125362	Undirected	4.0
37719	30550	Undirected	6.0
37719	-361751	Undirected	6.0
37719	-289013	Undirected	6.0
37719	-229913	Undirected	6.0
37719	6728	Undirected	6.0
37719	-161562	Undirected	6.0
37719	40612	Undirected	8.0
37719	-153810	Undirected	8.0
37719	128335	Undirected	6.0
37719	76480	Undirected	4.0
37719	-472552	Undirected	4.0
37719	-197091	Undirected	5.0
37719	-123382	Undirected	5.0
37719	12861	Undirected	5.0
37719	12687	Undirected	5.0
37719	37401	Undirected	4.0
37719	-104233	Undirected	5.0
37719	-456155	Undirected	4.0
37719	3618	Undirected	4.0
37719	34988	Undirected	4.0
37719	44685	Undirected	5.0
37719	57895	Undirected	4.0
37719	-399142	Undirected	4.0
37719	-154535	Undirected	4.0
37719	679	Undirected	4.0
37719	-49647	Undirected	4.0
37719	26550	Undirected	4.0
37719	103969	Undirected	4.0
37719	-395173	Undirected	5.0
37719	-140023	Undirected	4.0
37719	48889	Undirected	4.0
37719	-437916	Undirected	4.0
37719	36017	Undirected	4.0
-384391	118390	Undirected	4.0
-384391	82953	Undirected	4.0
-384391	42725	Undirected	4.0
-384391	27648	Undirected	4.0
-384391	27411	Undirected	4.0
55263	729	Undirected	4.0
55263	-91536	Undirected	4.0
55263	53062	Undirected	4.0
55263	84313	Undirected	4.0
55263	-79145	Undirected	4.0
55263	77032	Undirected	4.0
55263	125669	Undirected	6.0
55263	1488	Undirected	4.0
55263	29307	Undirected	4.0
55263	10387	Undirected	6.0
55263	76625	Undirected	5.0
55263	-418321	Undirected	4.0
55263	4468	Undirected	4.0
55263	13520	Undirected	5.0
55263	-373614	Undirected	4.0
55263	-389788	Undirected	4.0
55263	-398594	Undirected	4.0
55263	-413184	Undirected	4.0
55263	-120370	Undirected	4.0
55263	-116694	Undirected	4.0
55263	-15330	Undirected	5.0
55263	-14717	Undirected	5.0
55263	-15488	Undirected	4.0
55263	-15310	Undirected	4.0
55263	1219	Undirected	5.0
55263	102972	Undirected	6.0
55263	42685	Undirected	4.0
55263	80634	Undirected	4.0
55263	13540	Undirected	4.0
55263	-244873	Undirected	4.0
55263	-180790	Undirected	4.0
55263	130377	Undirected	4.0
55263	30550	Undirected	6.0
55263	-361751	Undirected	6.0
55263	-289013	Undirected	6.0
55263	-229913	Undirected	6.0
55263	6728	Undirected	7.0
55263	-161562	Undirected	6.0
55263	40612	Undirected	6.0
55263	-153810	Undirected	8.0
55263	128335	Undirected	6.0
55263	76480	Undirected	4.0
55263	-472552	Undirected	4.0
55263	-197091	Undirected	4.0
55263	-123382	Undirected	5.0
55263	12861	Undirected	5.0
55263	12687	Undirected	4.0
55263	37401	Undirected	4.0
55263	-104233	Undirected	5.0
55263	-456155	Undirected	4.0
55263	28886	Undirected	4.0
55263	44685	Undirected	4.0
55263	-154535	Undirected	4.0
55263	103969	Undirected	4.0
55263	-395173	Undirected	5.0
55263	27234	Undirected	4.0
55263	-140023	Undirected	4.0
93407	112206	Undirected	4.0
93407	-405074	Undirected	4.0
93407	46237	Undirected	4.0
93407	-192235	Undirected	4.0
93407	39641	Undirected	4.0
93407	91121	Undirected	4.0
93407	-34927	Undirected	4.0
93407	-413757	Undirected	4.0
93407	64981	Undirected	4.0
93407	106738	Undirected	4.0
93407	-215824	Undirected	4.0
112206	-405074	Undirected	4.0
112206	46237	Undirected	4.0
112206	-192235	Undirected	4.0
112206	39641	Undirected	4.0
112206	91121	Undirected	4.0
112206	-34927	Undirected	4.0
112206	-413757	Undirected	5.0
112206	64981	Undirected	4.0
112206	106738	Undirected	4.0
112206	-215824	Undirected	4.0
112206	-199356	Undirected	4.0
112206	43504	Undirected	4.0
112206	2451	Undirected	4.0
112206	16056	Undirected	4.0
112206	-159364	Undirected	4.0
112206	115183	Undirected	4.0
112206	-464583	Undirected	4.0
112206	-480284	Undirected	4.0
112206	96777	Undirected	4.0
112206	-218454	Undirected	4.0
-405074	46237	Undirected	4.0
-405074	-192235	Undirected	4.0
-405074	39641	Undirected	4.0
-405074	91121	Undirected	4.0
-405074	-34927	Undirected	4.0
-405074	-413757	Undirected	4.0
-405074	64981	Undirected	4.0
-405074	106738	Undirected	4.0
-405074	-215824	Undirected	4.0
-405074	13417	Undirected	4.0
46237	-192235	Undirected	4.0
46237	39641	Undirected	4.0
46237	91121	Undirected	4.0
46237	-34927	Undirected	4.0
46237	-413757	Undirected	4.0
46237	64981	Undirected	4.0
46237	106738	Undirected	4.0
46237	-215824	Undirected	4.0
-192235	39641	Undirected	4.0
-192235	91121	Undirected	4.0
-192235	-34927	Undirected	4.0
-192235	-413757	Undirected	4.0
-192235	64981	Undirected	4.0
-192235	106738	Undirected	4.0
-192235	-215824	Undirected	4.0
39641	91121	Undirected	4.0
39641	-34927	Undirected	4.0
39641	-413757	Undirected	4.0
39641	64981	Undirected	4.0
39641	106738	Undirected	4.0
39641	-215824	Undirected	4.0
91121	-34927	Undirected	4.0
91121	-413757	Undirected	4.0
91121	64981	Undirected	4.0
91121	106738	Undirected	4.0
91121	-215824	Undirected	4.0
91121	58708	Undirected	4.0
91121	13417	Undirected	4.0
91121	14228	Undirected	4.0
91121	45429	Undirected	4.0
91121	29692	Undirected	4.0
-34927	-413757	Undirected	4.0
-34927	64981	Undirected	4.0
-34927	106738	Undirected	4.0
-34927	-215824	Undirected	4.0
-413757	64981	Undirected	4.0
-413757	106738	Undirected	4.0
-413757	-215824	Undirected	4.0
64981	106738	Undirected	4.0
64981	-215824	Undirected	4.0
106738	-215824	Undirected	4.0
729	-256643	Undirected	4.0
729	107662	Undirected	4.0
729	-25835	Undirected	4.0
729	-91536	Undirected	10.0
729	-79145	Undirected	4.0
729	29356	Undirected	5.0
729	-283858	Undirected	5.0
729	68709	Undirected	8.0
729	80634	Undirected	8.0
729	13540	Undirected	8.0
729	-244873	Undirected	8.0
729	-180790	Undirected	5.0
729	130377	Undirected	8.0
729	-153810	Undirected	5.0
729	76480	Undirected	8.0
729	-472552	Undirected	4.0
729	-197091	Undirected	5.0
729	-123382	Undirected	4.0
729	12861	Undirected	4.0
729	12687	Undirected	5.0
729	37401	Undirected	5.0
729	-104233	Undirected	8.0
729	-121488	Undirected	8.0
729	-213872	Undirected	8.0
729	50928	Undirected	8.0
729	-186148	Undirected	8.0
729	-102134	Undirected	8.0
729	-102120	Undirected	8.0
729	-88091	Undirected	8.0
729	-88122	Undirected	8.0
729	90582	Undirected	8.0
729	15837	Undirected	8.0
729	58496	Undirected	8.0
729	54861	Undirected	8.0
729	123557	Undirected	8.0
729	102051	Undirected	8.0
729	57895	Undirected	8.0
729	58780	Undirected	8.0
729	-222053	Undirected	8.0
729	-368728	Undirected	8.0
729	-399142	Undirected	5.0
729	34342	Undirected	5.0
729	-209472	Undirected	5.0
729	50252	Undirected	5.0
729	54005	Undirected	5.0
729	-154535	Undirected	5.0
729	-124688	Undirected	5.0
729	-11230	Undirected	5.0
729	679	Undirected	5.0
729	-117265	Undirected	5.0
729	-163850	Undirected	5.0
729	-49647	Undirected	5.0
729	40306	Undirected	5.0
729	15519	Undirected	5.0
729	26550	Undirected	5.0
729	26587	Undirected	5.0
729	68422	Undirected	5.0
729	-227962	Undirected	5.0
729	103969	Undirected	5.0
729	-395173	Undirected	4.0
-256643	107662	Undirected	4.0
-256643	-25835	Undirected	4.0
-256643	-91536	Undirected	4.0
107662	-25835	Undirected	4.0
107662	-91536	Undirected	4.0
-25835	-91536	Undirected	4.0
-91536	-79145	Undirected	4.0
-91536	29356	Undirected	5.0
-91536	-283858	Undirected	5.0
-91536	68709	Undirected	8.0
-91536	80634	Undirected	8.0
-91536	13540	Undirected	8.0
-91536	-244873	Undirected	8.0
-91536	-180790	Undirected	5.0
-91536	130377	Undirected	8.0
-91536	-153810	Undirected	5.0
-91536	76480	Undirected	8.0
-91536	-472552	Undirected	4.0
-91536	-197091	Undirected	5.0
-91536	-123382	Undirected	4.0
-91536	12861	Undirected	4.0
-91536	12687	Undirected	5.0
-91536	37401	Undirected	5.0
-91536	-104233	Undirected	8.0
-91536	-121488	Undirected	8.0
-91536	-213872	Undirected	8.0
-91536	50928	Undirected	8.0
-91536	-186148	Undirected	8.0
-91536	-102134	Undirected	8.0
-91536	-102120	Undirected	8.0
-91536	-88091	Undirected	8.0
-91536	-88122	Undirected	8.0
-91536	90582	Undirected	8.0
-91536	15837	Undirected	8.0
-91536	58496	Undirected	8.0
-91536	54861	Undirected	8.0
-91536	123557	Undirected	8.0
-91536	102051	Undirected	8.0
-91536	57895	Undirected	8.0
-91536	58780	Undirected	8.0
-91536	-222053	Undirected	8.0
-91536	-368728	Undirected	8.0
-91536	-399142	Undirected	5.0
-91536	34342	Undirected	5.0
-91536	-209472	Undirected	5.0
-91536	50252	Undirected	5.0
-91536	54005	Undirected	5.0
-91536	-154535	Undirected	5.0
-91536	-124688	Undirected	5.0
-91536	-11230	Undirected	5.0
-91536	679	Undirected	5.0
-91536	-117265	Undirected	5.0
-91536	-163850	Undirected	5.0
-91536	-49647	Undirected	5.0
-91536	40306	Undirected	5.0
-91536	15519	Undirected	5.0
-91536	26550	Undirected	5.0
-91536	26587	Undirected	5.0
-91536	68422	Undirected	5.0
-91536	-227962	Undirected	5.0
-91536	103969	Undirected	5.0
-91536	-395173	Undirected	4.0
72898	128730	Undirected	4.0
72898	9333	Undirected	4.0
72898	3113	Undirected	5.0
72898	-399202	Undirected	4.0
72898	42450	Undirected	4.0
72898	36103	Undirected	4.0
72898	44916	Undirected	4.0
72898	-93913	Undirected	4.0
72898	-415585	Undirected	4.0
72898	102002	Undirected	4.0
72898	-453496	Undirected	4.0
72898	-3143	Undirected	4.0
72898	125768	Undirected	4.0
72898	24398	Undirected	4.0
128730	3113	Undirected	4.0
3113	118390	Undirected	4.0
3113	40395	Undirected	5.0
3113	39752	Undirected	5.0
3113	-399202	Undirected	4.0
3113	110062	Undirected	4.0
3113	17375	Undirected	4.0
3113	31891	Undirected	5.0
3113	95046	Undirected	5.0
3113	42450	Undirected	4.0
3113	125120	Undirected	4.0
3113	54110	Undirected	4.0
3113	82953	Undirected	4.0
3113	14479	Undirected	4.0
3113	36103	Undirected	5.0
3113	-93913	Undirected	4.0
3113	-415585	Undirected	4.0
3113	11579	Undirected	4.0
3113	21563	Undirected	4.0
3113	12945	Undirected	6.0
3113	46177	Undirected	4.0
3113	112671	Undirected	4.0
3113	-401501	Undirected	4.0
3113	29260	Undirected	4.0
3113	61977	Undirected	4.0
3113	87566	Undirected	4.0
3113	37796	Undirected	5.0
3113	-198610	Undirected	4.0
3113	27204	Undirected	5.0
3113	-295071	Undirected	5.0
3113	119882	Undirected	4.0
3113	17558	Undirected	4.0
3113	108792	Undirected	4.0
3113	27648	Undirected	4.0
3113	9602	Undirected	4.0
3113	5562	Undirected	4.0
3113	32176	Undirected	4.0
3113	-423577	Undirected	4.0
3113	-250227	Undirected	4.0
3113	41801	Undirected	4.0
3113	102002	Undirected	4.0
3113	-3143	Undirected	4.0
3113	43874	Undirected	4.0
3113	110100	Undirected	4.0
3113	-466014	Undirected	4.0
3113	99913	Undirected	4.0
3113	-189602	Undirected	5.0
3113	54239	Undirected	4.0
3113	83313	Undirected	4.0
3113	-258685	Undirected	4.0
3113	12133	Undirected	4.0
41970	-171947	Undirected	4.0
41970	-114483	Undirected	4.0
41970	-79678	Undirected	4.0
41970	-164791	Undirected	4.0
41970	12426	Undirected	4.0
41970	35009	Undirected	4.0
41970	126084	Undirected	4.0
-171947	-114483	Undirected	4.0
-171947	-79678	Undirected	4.0
-171947	-164791	Undirected	4.0
-171947	12426	Undirected	4.0
-171947	35009	Undirected	4.0
-171947	126084	Undirected	4.0
-114483	-79678	Undirected	4.0
-114483	-164791	Undirected	4.0
-114483	12426	Undirected	4.0
-114483	35009	Undirected	4.0
-114483	126084	Undirected	4.0
-79678	-164791	Undirected	4.0
-79678	12426	Undirected	4.0
-79678	35009	Undirected	4.0
-79678	126084	Undirected	5.0
-79678	-79240	Undirected	4.0
-164791	12426	Undirected	4.0
-164791	35009	Undirected	4.0
-164791	126084	Undirected	4.0
12426	35009	Undirected	4.0
12426	126084	Undirected	4.0
35009	126084	Undirected	4.0
118390	-401501	Undirected	4.0
-507530	14887	Undirected	7.0
-507530	5838	Undirected	7.0
-507530	48363	Undirected	7.0
-507530	68929	Undirected	7.0
-507530	-169388	Undirected	7.0
-507530	-192571	Undirected	7.0
-507530	-26391	Undirected	7.0
-507530	-26383	Undirected	7.0
-507530	81425	Undirected	7.0
-507530	68565	Undirected	4.0
-507530	-221519	Undirected	4.0
-507530	7747	Undirected	7.0
-507530	79744	Undirected	7.0
-507530	100918	Undirected	7.0
-507530	103689	Undirected	7.0
-507530	34742	Undirected	7.0
-507530	-182372	Undirected	7.0
-507530	53130	Undirected	7.0
-507530	-188643	Undirected	7.0
-507530	38487	Undirected	7.0
-507530	2583	Undirected	7.0
-507530	21508	Undirected	7.0
-507530	31161	Undirected	7.0
-507530	15899	Undirected	7.0
-507530	-421481	Undirected	7.0
-507530	-218763	Undirected	7.0
-507530	39143	Undirected	7.0
-507530	76149	Undirected	7.0
-507530	43470	Undirected	7.0
-507530	38641	Undirected	7.0
-507530	78876	Undirected	7.0
-507530	-493504	Undirected	7.0
-507530	11671	Undirected	4.0
-507530	37755	Undirected	7.0
-507530	29315	Undirected	7.0
-507530	91872	Undirected	7.0
-507530	60732	Undirected	7.0
-507530	105371	Undirected	7.0
-507530	7600	Undirected	7.0
-507530	-304143	Undirected	7.0
-507530	17736	Undirected	7.0
-507530	-234889	Undirected	7.0
-507530	27121	Undirected	7.0
-507530	-181243	Undirected	7.0
-507530	-169061	Undirected	7.0
-507530	55085	Undirected	7.0
-507530	14726	Undirected	7.0
-507530	5127	Undirected	7.0
-507530	1373	Undirected	7.0
-507530	101454	Undirected	7.0
-507530	56751	Undirected	7.0
-507530	2221	Undirected	7.0
-507530	2493	Undirected	7.0
-507530	125287	Undirected	7.0
-507530	108100	Undirected	7.0
-507530	17694	Undirected	7.0
-507530	-253965	Undirected	7.0
-507530	-124727	Undirected	7.0
-507530	-12953	Undirected	7.0
-507530	66256	Undirected	7.0
-507530	71590	Undirected	6.0
-507530	56480	Undirected	4.0
-507530	115742	Undirected	4.0
-507530	110718	Undirected	4.0
14887	5838	Undirected	7.0
14887	48363	Undirected	7.0
14887	68929	Undirected	7.0
14887	-169388	Undirected	7.0
14887	-192571	Undirected	7.0
14887	-26391	Undirected	7.0
14887	-26383	Undirected	7.0
14887	81425	Undirected	7.0
14887	68565	Undirected	4.0
14887	-221519	Undirected	4.0
14887	7747	Undirected	7.0
14887	79744	Undirected	7.0
14887	100918	Undirected	7.0
14887	103689	Undirected	7.0
14887	34742	Undirected	7.0
14887	-182372	Undirected	7.0
14887	53130	Undirected	7.0
14887	-188643	Undirected	7.0
14887	38487	Undirected	7.0
14887	2583	Undirected	7.0
14887	21508	Undirected	7.0
14887	31161	Undirected	7.0
14887	15899	Undirected	7.0
14887	-421481	Undirected	7.0
14887	-218763	Undirected	7.0
14887	39143	Undirected	7.0
14887	76149	Undirected	7.0
14887	43470	Undirected	7.0
14887	38641	Undirected	7.0
14887	78876	Undirected	7.0
14887	-493504	Undirected	7.0
14887	11671	Undirected	4.0
14887	37755	Undirected	7.0
14887	29315	Undirected	7.0
14887	91872	Undirected	7.0
14887	60732	Undirected	7.0
14887	105371	Undirected	7.0
14887	7600	Undirected	7.0
14887	-304143	Undirected	7.0
14887	17736	Undirected	7.0
14887	-234889	Undirected	7.0
14887	27121	Undirected	7.0
14887	-181243	Undirected	7.0
14887	-169061	Undirected	7.0
14887	55085	Undirected	7.0
14887	14726	Undirected	7.0
14887	5127	Undirected	7.0
14887	1373	Undirected	7.0
14887	101454	Undirected	7.0
14887	56751	Undirected	7.0
14887	2221	Undirected	7.0
14887	2493	Undirected	7.0
14887	125287	Undirected	7.0
14887	108100	Undirected	7.0
14887	17694	Undirected	7.0
14887	-253965	Undirected	7.0
14887	-124727	Undirected	7.0
14887	-12953	Undirected	7.0
14887	66256	Undirected	7.0
14887	71590	Undirected	6.0
14887	56480	Undirected	4.0
14887	115742	Undirected	4.0
14887	110718	Undirected	4.0
5838	48363	Undirected	7.0
5838	68929	Undirected	7.0
5838	-169388	Undirected	7.0
5838	-192571	Undirected	7.0
5838	-26391	Undirected	7.0
5838	-26383	Undirected	7.0
5838	81425	Undirected	7.0
5838	68565	Undirected	4.0
5838	-221519	Undirected	4.0
5838	7747	Undirected	7.0
5838	79744	Undirected	7.0
5838	100918	Undirected	7.0
5838	103689	Undirected	7.0
5838	34742	Undirected	7.0
5838	-182372	Undirected	7.0
5838	53130	Undirected	7.0
5838	-188643	Undirected	7.0
5838	38487	Undirected	7.0
5838	2583	Undirected	7.0
5838	21508	Undirected	7.0
5838	31161	Undirected	7.0
5838	15899	Undirected	7.0
5838	-421481	Undirected	7.0
5838	-218763	Undirected	7.0
5838	39143	Undirected	7.0
5838	76149	Undirected	7.0
5838	43470	Undirected	7.0
5838	38641	Undirected	7.0
5838	78876	Undirected	7.0
5838	-493504	Undirected	7.0
5838	11671	Undirected	4.0
5838	37755	Undirected	7.0
5838	29315	Undirected	7.0
5838	91872	Undirected	7.0
5838	60732	Undirected	7.0
5838	105371	Undirected	7.0
5838	7600	Undirected	7.0
5838	-304143	Undirected	7.0
5838	17736	Undirected	7.0
5838	-234889	Undirected	7.0
5838	27121	Undirected	7.0
5838	-181243	Undirected	7.0
5838	-169061	Undirected	7.0
5838	55085	Undirected	7.0
5838	14726	Undirected	7.0
5838	5127	Undirected	7.0
5838	1373	Undirected	7.0
5838	101454	Undirected	7.0
5838	56751	Undirected	7.0
5838	2221	Undirected	7.0
5838	2493	Undirected	7.0
5838	125287	Undirected	7.0
5838	108100	Undirected	7.0
5838	17694	Undirected	7.0
5838	-253965	Undirected	7.0
5838	-124727	Undirected	7.0
5838	-12953	Undirected	7.0
5838	66256	Undirected	7.0
5838	71590	Undirected	6.0
5838	56480	Undirected	4.0
5838	115742	Undirected	4.0
5838	110718	Undirected	4.0
48363	68929	Undirected	7.0
48363	-169388	Undirected	7.0
48363	-192571	Undirected	7.0
48363	-26391	Undirected	7.0
48363	-26383	Undirected	7.0
48363	81425	Undirected	7.0
48363	68565	Undirected	4.0
48363	-221519	Undirected	4.0
48363	7747	Undirected	7.0
48363	79744	Undirected	7.0
48363	100918	Undirected	7.0
48363	103689	Undirected	7.0
48363	34742	Undirected	7.0
48363	-182372	Undirected	7.0
48363	53130	Undirected	7.0
48363	-188643	Undirected	7.0
48363	38487	Undirected	7.0
48363	2583	Undirected	7.0
48363	21508	Undirected	7.0
48363	31161	Undirected	7.0
48363	15899	Undirected	7.0
48363	-421481	Undirected	7.0
48363	-218763	Undirected	7.0
48363	39143	Undirected	7.0
48363	76149	Undirected	7.0
48363	43470	Undirected	7.0
48363	38641	Undirected	7.0
48363	78876	Undirected	7.0
48363	-493504	Undirected	7.0
48363	11671	Undirected	4.0
48363	37755	Undirected	7.0
48363	29315	Undirected	7.0
48363	91872	Undirected	7.0
48363	60732	Undirected	7.0
48363	105371	Undirected	7.0
48363	7600	Undirected	7.0
48363	-304143	Undirected	7.0
48363	17736	Undirected	7.0
48363	-234889	Undirected	7.0
48363	27121	Undirected	7.0
48363	-181243	Undirected	7.0
48363	-169061	Undirected	7.0
48363	55085	Undirected	7.0
48363	14726	Undirected	7.0
48363	5127	Undirected	7.0
48363	1373	Undirected	7.0
48363	101454	Undirected	7.0
48363	56751	Undirected	7.0
48363	2221	Undirected	7.0
48363	2493	Undirected	7.0
48363	125287	Undirected	7.0
48363	108100	Undirected	7.0
48363	17694	Undirected	7.0
48363	-253965	Undirected	7.0
48363	-124727	Undirected	7.0
48363	-12953	Undirected	7.0
48363	66256	Undirected	7.0
48363	71590	Undirected	6.0
48363	56480	Undirected	4.0
48363	115742	Undirected	4.0
48363	110718	Undirected	4.0
68929	-169388	Undirected	7.0
68929	-192571	Undirected	7.0
68929	-26391	Undirected	7.0
68929	-26383	Undirected	7.0
68929	81425	Undirected	7.0
68929	68565	Undirected	4.0
68929	-221519	Undirected	4.0
68929	7747	Undirected	7.0
68929	79744	Undirected	7.0
68929	100918	Undirected	7.0
68929	103689	Undirected	7.0
68929	34742	Undirected	7.0
68929	-182372	Undirected	7.0
68929	53130	Undirected	7.0
68929	-188643	Undirected	7.0
68929	38487	Undirected	7.0
68929	2583	Undirected	7.0
68929	21508	Undirected	7.0
68929	31161	Undirected	7.0
68929	15899	Undirected	7.0
68929	-421481	Undirected	7.0
68929	-218763	Undirected	7.0
68929	39143	Undirected	7.0
68929	76149	Undirected	7.0
68929	43470	Undirected	7.0
68929	38641	Undirected	7.0
68929	78876	Undirected	7.0
68929	-493504	Undirected	7.0
68929	11671	Undirected	4.0
68929	37755	Undirected	7.0
68929	29315	Undirected	7.0
68929	91872	Undirected	7.0
68929	60732	Undirected	7.0
68929	105371	Undirected	7.0
68929	7600	Undirected	7.0
68929	-304143	Undirected	7.0
68929	17736	Undirected	7.0
68929	-234889	Undirected	7.0
68929	27121	Undirected	7.0
68929	-181243	Undirected	7.0
68929	-169061	Undirected	7.0
68929	55085	Undirected	7.0
68929	14726	Undirected	7.0
68929	5127	Undirected	7.0
68929	1373	Undirected	7.0
68929	101454	Undirected	7.0
68929	56751	Undirected	7.0
68929	2221	Undirected	7.0
68929	2493	Undirected	7.0
68929	125287	Undirected	7.0
68929	108100	Undirected	7.0
68929	17694	Undirected	7.0
68929	-253965	Undirected	7.0
68929	-124727	Undirected	7.0
68929	-12953	Undirected	7.0
68929	66256	Undirected	7.0
68929	71590	Undirected	6.0
68929	56480	Undirected	4.0
68929	115742	Undirected	4.0
68929	110718	Undirected	4.0
-169388	-192571	Undirected	8.0
-169388	-26391	Undirected	8.0
-169388	-26383	Undirected	8.0
-169388	81425	Undirected	8.0
-169388	68565	Undirected	5.0
-169388	-119079	Undirected	4.0
-169388	-221519	Undirected	5.0
-169388	-154669	Undirected	4.0
-169388	7747	Undirected	8.0
-169388	79744	Undirected	8.0
-169388	100918	Undirected	8.0
-169388	103689	Undirected	8.0
-169388	34742	Undirected	8.0
-169388	-182372	Undirected	8.0
-169388	53130	Undirected	8.0
-169388	-188643	Undirected	8.0
-169388	38487	Undirected	8.0
-169388	2583	Undirected	8.0
-169388	21508	Undirected	8.0
-169388	31161	Undirected	8.0
-169388	15899	Undirected	8.0
-169388	-421481	Undirected	8.0
-169388	-218763	Undirected	7.0
-169388	39143	Undirected	7.0
-169388	76149	Undirected	7.0
-169388	43470	Undirected	8.0
-169388	38641	Undirected	7.0
-169388	78876	Undirected	7.0
-169388	-493504	Undirected	7.0
-169388	11671	Undirected	5.0
-169388	37755	Undirected	8.0
-169388	29315	Undirected	8.0
-169388	91872	Undirected	8.0
-169388	60732	Undirected	8.0
-169388	105371	Undirected	8.0
-169388	7600	Undirected	8.0
-169388	-304143	Undirected	8.0
-169388	17736	Undirected	8.0
-169388	-234889	Undirected	8.0
-169388	27121	Undirected	8.0
-169388	-181243	Undirected	8.0
-169388	-169061	Undirected	8.0
-169388	55085	Undirected	8.0
-169388	14726	Undirected	8.0
-169388	5127	Undirected	8.0
-169388	1373	Undirected	8.0
-169388	101454	Undirected	8.0
-169388	56751	Undirected	8.0
-169388	2221	Undirected	8.0
-169388	2493	Undirected	8.0
-169388	125287	Undirected	8.0
-169388	108100	Undirected	8.0
-169388	17694	Undirected	8.0
-169388	-253965	Undirected	8.0
-169388	-124727	Undirected	8.0
-169388	-12953	Undirected	8.0
-169388	66256	Undirected	8.0
-169388	71590	Undirected	6.0
-169388	-129543	Undirected	4.0
-169388	-471482	Undirected	4.0
-169388	117173	Undirected	4.0
-169388	-21575	Undirected	4.0
-169388	-188815	Undirected	4.0
-169388	56480	Undirected	5.0
-169388	-439280	Undirected	4.0
-169388	115742	Undirected	5.0
-169388	96893	Undirected	4.0
-169388	110718	Undirected	4.0
-169388	4826	Undirected	4.0
-192571	-26391	Undirected	9.0
-192571	-26383	Undirected	9.0
-192571	81425	Undirected	9.0
-192571	68565	Undirected	5.0
-192571	-119079	Undirected	4.0
-192571	-221519	Undirected	5.0
-192571	-154669	Undirected	4.0
-192571	7747	Undirected	9.0
-192571	79744	Undirected	9.0
-192571	100918	Undirected	9.0
-192571	103689	Undirected	9.0
-192571	34742	Undirected	9.0
-192571	-182372	Undirected	9.0
-192571	53130	Undirected	9.0
-192571	-188643	Undirected	9.0
-192571	38487	Undirected	9.0
-192571	2583	Undirected	9.0
-192571	21508	Undirected	9.0
-192571	31161	Undirected	9.0
-192571	15899	Undirected	9.0
-192571	-421481	Undirected	9.0
-192571	-218763	Undirected	7.0
-192571	39143	Undirected	7.0
-192571	76149	Undirected	7.0
-192571	43470	Undirected	8.0
-192571	38641	Undirected	7.0
-192571	78876	Undirected	7.0
-192571	-493504	Undirected	7.0
-192571	11671	Undirected	5.0
-192571	37755	Undirected	8.0
-192571	29315	Undirected	8.0
-192571	91872	Undirected	8.0
-192571	60732	Undirected	8.0
-192571	105371	Undirected	8.0
-192571	7600	Undirected	8.0
-192571	-304143	Undirected	8.0
-192571	17736	Undirected	8.0
-192571	-234889	Undirected	8.0
-192571	27121	Undirected	9.0
-192571	-181243	Undirected	8.0
-192571	-169061	Undirected	8.0
-192571	55085	Undirected	8.0
-192571	14726	Undirected	8.0
-192571	5127	Undirected	8.0
-192571	1373	Undirected	8.0
-192571	101454	Undirected	8.0
-192571	56751	Undirected	8.0
-192571	2221	Undirected	8.0
-192571	2493	Undirected	8.0
-192571	125287	Undirected	8.0
-192571	108100	Undirected	8.0
-192571	17694	Undirected	8.0
-192571	-253965	Undirected	8.0
-192571	-124727	Undirected	8.0
-192571	-12953	Undirected	8.0
-192571	66256	Undirected	8.0
-192571	71590	Undirected	6.0
-192571	-129543	Undirected	4.0
-192571	-471482	Undirected	4.0
-192571	117173	Undirected	4.0
-192571	-21575	Undirected	4.0
-192571	-188815	Undirected	4.0
-192571	56480	Undirected	5.0
-192571	-439280	Undirected	4.0
-192571	115742	Undirected	5.0
-192571	96893	Undirected	4.0
-192571	110718	Undirected	4.0
-192571	4826	Undirected	4.0
-26391	-26383	Undirected	9.0
-26391	81425	Undirected	9.0
-26391	68565	Undirected	5.0
-26391	-119079	Undirected	4.0
-26391	-221519	Undirected	5.0
-26391	-154669	Undirected	4.0
-26391	7747	Undirected	9.0
-26391	79744	Undirected	9.0
-26391	100918	Undirected	9.0
-26391	103689	Undirected	9.0
-26391	34742	Undirected	9.0
-26391	-182372	Undirected	9.0
-26391	53130	Undirected	9.0
-26391	-188643	Undirected	9.0
-26391	38487	Undirected	9.0
-26391	2583	Undirected	9.0
-26391	21508	Undirected	9.0
-26391	31161	Undirected	9.0
-26391	15899	Undirected	9.0
-26391	-421481	Undirected	9.0
-26391	-218763	Undirected	7.0
-26391	39143	Undirected	7.0
-26391	76149	Undirected	7.0
-26391	43470	Undirected	8.0
-26391	38641	Undirected	7.0
-26391	78876	Undirected	7.0
-26391	-493504	Undirected	7.0
-26391	11671	Undirected	5.0
-26391	37755	Undirected	8.0
-26391	29315	Undirected	8.0
-26391	91872	Undirected	8.0
-26391	60732	Undirected	8.0
-26391	105371	Undirected	8.0
-26391	7600	Undirected	8.0
-26391	-304143	Undirected	8.0
-26391	17736	Undirected	8.0
-26391	-234889	Undirected	8.0
-26391	27121	Undirected	9.0
-26391	-181243	Undirected	8.0
-26391	-169061	Undirected	8.0
-26391	55085	Undirected	8.0
-26391	14726	Undirected	8.0
-26391	5127	Undirected	8.0
-26391	1373	Undirected	8.0
-26391	101454	Undirected	8.0
-26391	56751	Undirected	8.0
-26391	2221	Undirected	8.0
-26391	2493	Undirected	8.0
-26391	125287	Undirected	8.0
-26391	108100	Undirected	8.0
-26391	17694	Undirected	8.0
-26391	-253965	Undirected	8.0
-26391	-124727	Undirected	8.0
-26391	-12953	Undirected	8.0
-26391	66256	Undirected	8.0
-26391	71590	Undirected	6.0
-26391	-129543	Undirected	4.0
-26391	-471482	Undirected	4.0
-26391	117173	Undirected	4.0
-26391	-21575	Undirected	4.0
-26391	-188815	Undirected	4.0
-26391	56480	Undirected	5.0
-26391	-439280	Undirected	4.0
-26391	115742	Undirected	5.0
-26391	96893	Undirected	4.0
-26391	110718	Undirected	4.0
-26391	4826	Undirected	4.0
-26383	81425	Undirected	9.0
-26383	68565	Undirected	5.0
-26383	-119079	Undirected	4.0
-26383	-221519	Undirected	5.0
-26383	-154669	Undirected	4.0
-26383	7747	Undirected	9.0
-26383	79744	Undirected	9.0
-26383	100918	Undirected	9.0
-26383	103689	Undirected	9.0
-26383	34742	Undirected	9.0
-26383	-182372	Undirected	9.0
-26383	53130	Undirected	9.0
-26383	-188643	Undirected	9.0
-26383	38487	Undirected	9.0
-26383	2583	Undirected	9.0
-26383	21508	Undirected	9.0
-26383	31161	Undirected	9.0
-26383	15899	Undirected	9.0
-26383	-421481	Undirected	9.0
-26383	-218763	Undirected	7.0
-26383	39143	Undirected	7.0
-26383	76149	Undirected	7.0
-26383	43470	Undirected	8.0
-26383	38641	Undirected	7.0
-26383	78876	Undirected	7.0
-26383	-493504	Undirected	7.0
-26383	11671	Undirected	5.0
-26383	37755	Undirected	8.0
-26383	29315	Undirected	8.0
-26383	91872	Undirected	8.0
-26383	60732	Undirected	8.0
-26383	105371	Undirected	8.0
-26383	7600	Undirected	8.0
-26383	-304143	Undirected	8.0
-26383	17736	Undirected	8.0
-26383	-234889	Undirected	8.0
-26383	27121	Undirected	9.0
-26383	-181243	Undirected	8.0
-26383	-169061	Undirected	8.0
-26383	55085	Undirected	8.0
-26383	14726	Undirected	8.0
-26383	5127	Undirected	8.0
-26383	1373	Undirected	8.0
-26383	101454	Undirected	8.0
-26383	56751	Undirected	8.0
-26383	2221	Undirected	8.0
-26383	2493	Undirected	8.0
-26383	125287	Undirected	8.0
-26383	108100	Undirected	8.0
-26383	17694	Undirected	8.0
-26383	-253965	Undirected	8.0
-26383	-124727	Undirected	8.0
-26383	-12953	Undirected	8.0
-26383	66256	Undirected	8.0
-26383	71590	Undirected	6.0
-26383	-129543	Undirected	4.0
-26383	-471482	Undirected	4.0
-26383	117173	Undirected	4.0
-26383	-21575	Undirected	4.0
-26383	-188815	Undirected	4.0
-26383	56480	Undirected	5.0
-26383	-439280	Undirected	4.0
-26383	115742	Undirected	5.0
-26383	96893	Undirected	4.0
-26383	110718	Undirected	4.0
-26383	4826	Undirected	4.0
81425	68565	Undirected	5.0
81425	-119079	Undirected	4.0
81425	-221519	Undirected	5.0
81425	-154669	Undirected	4.0
81425	7747	Undirected	9.0
81425	79744	Undirected	9.0
81425	100918	Undirected	9.0
81425	103689	Undirected	9.0
81425	34742	Undirected	9.0
81425	-182372	Undirected	9.0
81425	53130	Undirected	9.0
81425	-188643	Undirected	9.0
81425	38487	Undirected	9.0
81425	2583	Undirected	9.0
81425	21508	Undirected	9.0
81425	31161	Undirected	9.0
81425	15899	Undirected	9.0
81425	-421481	Undirected	9.0
81425	-218763	Undirected	7.0
81425	39143	Undirected	7.0
81425	76149	Undirected	7.0
81425	43470	Undirected	8.0
81425	38641	Undirected	7.0
81425	78876	Undirected	7.0
81425	-493504	Undirected	7.0
81425	11671	Undirected	5.0
81425	37755	Undirected	8.0
81425	29315	Undirected	8.0
81425	91872	Undirected	8.0
81425	60732	Undirected	8.0
81425	105371	Undirected	8.0
81425	7600	Undirected	8.0
81425	-304143	Undirected	8.0
81425	17736	Undirected	8.0
81425	-234889	Undirected	8.0
81425	27121	Undirected	9.0
81425	-181243	Undirected	8.0
81425	-169061	Undirected	8.0
81425	55085	Undirected	8.0
81425	14726	Undirected	8.0
81425	5127	Undirected	8.0
81425	1373	Undirected	8.0
81425	101454	Undirected	8.0
81425	56751	Undirected	8.0
81425	2221	Undirected	8.0
81425	2493	Undirected	8.0
81425	125287	Undirected	8.0
81425	108100	Undirected	8.0
81425	17694	Undirected	8.0
81425	-253965	Undirected	8.0
81425	-124727	Undirected	8.0
81425	-12953	Undirected	8.0
81425	66256	Undirected	8.0
81425	71590	Undirected	6.0
81425	-129543	Undirected	4.0
81425	-471482	Undirected	4.0
81425	117173	Undirected	4.0
81425	-21575	Undirected	4.0
81425	-188815	Undirected	4.0
81425	56480	Undirected	5.0
81425	-439280	Undirected	4.0
81425	115742	Undirected	5.0
81425	96893	Undirected	4.0
81425	110718	Undirected	4.0
81425	4826	Undirected	4.0
68565	-119079	Undirected	4.0
68565	-221519	Undirected	4.0
68565	7747	Undirected	5.0
68565	79744	Undirected	5.0
68565	100918	Undirected	5.0
68565	103689	Undirected	5.0
68565	34742	Undirected	5.0
68565	-182372	Undirected	5.0
68565	53130	Undirected	5.0
68565	-188643	Undirected	5.0
68565	38487	Undirected	5.0
68565	2583	Undirected	5.0
68565	21508	Undirected	5.0
68565	31161	Undirected	5.0
68565	15899	Undirected	5.0
68565	-421481	Undirected	5.0
68565	-218763	Undirected	4.0
68565	39143	Undirected	4.0
68565	76149	Undirected	4.0
68565	43470	Undirected	5.0
68565	38641	Undirected	4.0
68565	78876	Undirected	4.0
68565	-493504	Undirected	4.0
68565	11671	Undirected	4.0
68565	37755	Undirected	5.0
68565	29315	Undirected	5.0
68565	91872	Undirected	5.0
68565	60732	Undirected	5.0
68565	105371	Undirected	5.0
68565	7600	Undirected	5.0
68565	-304143	Undirected	5.0
68565	17736	Undirected	5.0
68565	-234889	Undirected	5.0
68565	27121	Undirected	5.0
68565	-181243	Undirected	5.0
68565	-169061	Undirected	5.0
68565	55085	Undirected	5.0
68565	14726	Undirected	5.0
68565	5127	Undirected	5.0
68565	1373	Undirected	5.0
68565	101454	Undirected	5.0
68565	56751	Undirected	5.0
68565	2221	Undirected	5.0
68565	2493	Undirected	5.0
68565	125287	Undirected	5.0
68565	108100	Undirected	5.0
68565	17694	Undirected	5.0
68565	-253965	Undirected	5.0
68565	-124727	Undirected	5.0
68565	-12953	Undirected	5.0
68565	66256	Undirected	5.0
68565	71590	Undirected	4.0
68565	-471482	Undirected	4.0
68565	117173	Undirected	4.0
68565	-21575	Undirected	4.0
68565	56480	Undirected	4.0
68565	115742	Undirected	4.0
68565	4826	Undirected	4.0
-119079	-221519	Undirected	4.0
-119079	7747	Undirected	4.0
-119079	79744	Undirected	4.0
-119079	100918	Undirected	4.0
-119079	103689	Undirected	4.0
-119079	34742	Undirected	4.0
-119079	-182372	Undirected	4.0
-119079	53130	Undirected	4.0
-119079	-188643	Undirected	4.0
-119079	38487	Undirected	4.0
-119079	2583	Undirected	4.0
-119079	21508	Undirected	4.0
-119079	31161	Undirected	4.0
-119079	15899	Undirected	4.0
-119079	-421481	Undirected	4.0
-119079	43470	Undirected	4.0
-119079	37755	Undirected	4.0
-119079	29315	Undirected	4.0
-119079	91872	Undirected	4.0
-119079	60732	Undirected	4.0
-119079	105371	Undirected	4.0
-119079	7600	Undirected	4.0
-119079	-304143	Undirected	4.0
-119079	17736	Undirected	4.0
-119079	-234889	Undirected	4.0
-119079	27121	Undirected	4.0
-119079	-181243	Undirected	4.0
-119079	-169061	Undirected	4.0
-119079	55085	Undirected	4.0
-119079	14726	Undirected	4.0
-119079	5127	Undirected	4.0
-119079	1373	Undirected	4.0
-119079	101454	Undirected	4.0
-119079	56751	Undirected	4.0
-119079	2221	Undirected	4.0
-119079	2493	Undirected	4.0
-119079	125287	Undirected	4.0
-119079	108100	Undirected	4.0
-119079	17694	Undirected	4.0
-119079	-253965	Undirected	4.0
-119079	-124727	Undirected	4.0
-119079	-12953	Undirected	4.0
-119079	66256	Undirected	4.0
-221519	7747	Undirected	5.0
-221519	79744	Undirected	5.0
-221519	100918	Undirected	5.0
-221519	103689	Undirected	5.0
-221519	34742	Undirected	5.0
-221519	-182372	Undirected	5.0
-221519	53130	Undirected	5.0
-221519	-188643	Undirected	5.0
-221519	38487	Undirected	5.0
-221519	2583	Undirected	5.0
-221519	21508	Undirected	5.0
-221519	31161	Undirected	5.0
-221519	15899	Undirected	5.0
-221519	-421481	Undirected	5.0
-221519	-218763	Undirected	4.0
-221519	39143	Undirected	4.0
-221519	76149	Undirected	4.0
-221519	43470	Undirected	5.0
-221519	38641	Undirected	4.0
-221519	78876	Undirected	4.0
-221519	-493504	Undirected	4.0
-221519	37755	Undirected	5.0
-221519	29315	Undirected	5.0
-221519	91872	Undirected	5.0
-221519	60732	Undirected	5.0
-221519	105371	Undirected	5.0
-221519	7600	Undirected	5.0
-221519	-304143	Undirected	5.0
-221519	17736	Undirected	5.0
-221519	-234889	Undirected	5.0
-221519	27121	Undirected	5.0
-221519	-181243	Undirected	5.0
-221519	-169061	Undirected	5.0
-221519	55085	Undirected	5.0
-221519	14726	Undirected	5.0
-221519	5127	Undirected	5.0
-221519	1373	Undirected	5.0
-221519	101454	Undirected	5.0
-221519	56751	Undirected	5.0
-221519	2221	Undirected	5.0
-221519	2493	Undirected	5.0
-221519	125287	Undirected	5.0
-221519	108100	Undirected	5.0
-221519	17694	Undirected	5.0
-221519	-253965	Undirected	5.0
-221519	-124727	Undirected	5.0
-221519	-12953	Undirected	5.0
-221519	66256	Undirected	5.0
-221519	71590	Undirected	4.0
-221519	-129543	Undirected	4.0
-221519	-188815	Undirected	4.0
-221519	56480	Undirected	4.0
-221519	-439280	Undirected	4.0
-221519	115742	Undirected	4.0
-221519	96893	Undirected	4.0
-154669	7747	Undirected	4.0
-154669	79744	Undirected	4.0
-154669	100918	Undirected	4.0
-154669	103689	Undirected	4.0
-154669	34742	Undirected	4.0
-154669	-182372	Undirected	4.0
-154669	53130	Undirected	4.0
-154669	-188643	Undirected	4.0
-154669	38487	Undirected	4.0
-154669	2583	Undirected	4.0
-154669	21508	Undirected	4.0
-154669	31161	Undirected	4.0
-154669	15899	Undirected	4.0
-154669	-421481	Undirected	4.0
-154669	43470	Undirected	4.0
-154669	11671	Undirected	4.0
-154669	37755	Undirected	4.0
-154669	29315	Undirected	4.0
-154669	91872	Undirected	4.0
-154669	60732	Undirected	4.0
-154669	105371	Undirected	4.0
-154669	7600	Undirected	4.0
-154669	-304143	Undirected	4.0
-154669	17736	Undirected	4.0
-154669	-234889	Undirected	4.0
-154669	27121	Undirected	4.0
-154669	-181243	Undirected	4.0
-154669	-169061	Undirected	4.0
-154669	55085	Undirected	4.0
-154669	14726	Undirected	4.0
-154669	5127	Undirected	4.0
-154669	1373	Undirected	4.0
-154669	101454	Undirected	4.0
-154669	56751	Undirected	4.0
-154669	2221	Undirected	4.0
-154669	2493	Undirected	4.0
-154669	125287	Undirected	4.0
-154669	108100	Undirected	4.0
-154669	17694	Undirected	4.0
-154669	-253965	Undirected	4.0
-154669	-124727	Undirected	4.0
-154669	-12953	Undirected	4.0
-154669	66256	Undirected	4.0
7747	79744	Undirected	9.0
7747	100918	Undirected	10.0
7747	103689	Undirected	9.0
7747	34742	Undirected	10.0
7747	-182372	Undirected	9.0
7747	53130	Undirected	9.0
7747	-188643	Undirected	10.0
7747	38487	Undirected	10.0
7747	2583	Undirected	10.0
7747	21508	Undirected	10.0
7747	31161	Undirected	10.0
7747	15899	Undirected	9.0
7747	-421481	Undirected	9.0
7747	-218763	Undirected	7.0
7747	39143	Undirected	7.0
7747	76149	Undirected	7.0
7747	43470	Undirected	8.0
7747	38641	Undirected	7.0
7747	78876	Undirected	7.0
7747	-493504	Undirected	7.0
7747	11671	Undirected	5.0
7747	37755	Undirected	8.0
7747	29315	Undirected	8.0
7747	91872	Undirected	8.0
7747	60732	Undirected	8.0
7747	105371	Undirected	8.0
7747	7600	Undirected	8.0
7747	-304143	Undirected	8.0
7747	17736	Undirected	8.0
7747	-234889	Undirected	8.0
7747	27121	Undirected	9.0
7747	-181243	Undirected	8.0
7747	-169061	Undirected	8.0
7747	55085	Undirected	8.0
7747	14726	Undirected	8.0
7747	5127	Undirected	8.0
7747	1373	Undirected	8.0
7747	101454	Undirected	8.0
7747	56751	Undirected	8.0
7747	2221	Undirected	8.0
7747	2493	Undirected	8.0
7747	125287	Undirected	8.0
7747	108100	Undirected	8.0
7747	17694	Undirected	8.0
7747	-253965	Undirected	8.0
7747	-124727	Undirected	8.0
7747	-12953	Undirected	8.0
7747	66256	Undirected	8.0
7747	71590	Undirected	6.0
7747	-129543	Undirected	4.0
7747	-471482	Undirected	4.0
7747	117173	Undirected	4.0
7747	-21575	Undirected	4.0
7747	-188815	Undirected	4.0
7747	56480	Undirected	5.0
7747	-439280	Undirected	4.0
7747	115742	Undirected	5.0
7747	96893	Undirected	4.0
7747	110718	Undirected	4.0
7747	4826	Undirected	4.0
79744	100918	Undirected	9.0
79744	103689	Undirected	9.0
79744	34742	Undirected	9.0
79744	-182372	Undirected	9.0
79744	53130	Undirected	9.0
79744	-188643	Undirected	9.0
79744	38487	Undirected	9.0
79744	2583	Undirected	9.0
79744	21508	Undirected	9.0
79744	31161	Undirected	9.0
79744	15899	Undirected	9.0
79744	-421481	Undirected	9.0
79744	-218763	Undirected	7.0
79744	39143	Undirected	7.0
79744	76149	Undirected	7.0
79744	43470	Undirected	8.0
79744	38641	Undirected	7.0
79744	78876	Undirected	7.0
79744	-493504	Undirected	7.0
79744	11671	Undirected	5.0
79744	37755	Undirected	8.0
79744	29315	Undirected	8.0
79744	91872	Undirected	8.0
79744	60732	Undirected	8.0
79744	105371	Undirected	8.0
79744	7600	Undirected	8.0
79744	-304143	Undirected	8.0
79744	17736	Undirected	8.0
79744	-234889	Undirected	8.0
79744	27121	Undirected	9.0
79744	-181243	Undirected	8.0
79744	-169061	Undirected	8.0
79744	55085	Undirected	8.0
79744	14726	Undirected	8.0
79744	5127	Undirected	8.0
79744	1373	Undirected	8.0
79744	101454	Undirected	8.0
79744	56751	Undirected	8.0
79744	2221	Undirected	8.0
79744	2493	Undirected	8.0
79744	125287	Undirected	8.0
79744	108100	Undirected	8.0
79744	17694	Undirected	8.0
79744	-253965	Undirected	8.0
79744	-124727	Undirected	8.0
79744	-12953	Undirected	8.0
79744	66256	Undirected	8.0
79744	71590	Undirected	6.0
79744	-129543	Undirected	4.0
79744	-471482	Undirected	4.0
79744	117173	Undirected	4.0
79744	-21575	Undirected	4.0
79744	-188815	Undirected	4.0
79744	56480	Undirected	5.0
79744	-439280	Undirected	4.0
79744	115742	Undirected	5.0
79744	96893	Undirected	4.0
79744	110718	Undirected	4.0
79744	4826	Undirected	4.0
100918	103689	Undirected	9.0
100918	34742	Undirected	10.0
100918	-182372	Undirected	9.0
100918	53130	Undirected	9.0
100918	-188643	Undirected	10.0
100918	38487	Undirected	10.0
100918	2583	Undirected	10.0
100918	21508	Undirected	10.0
100918	31161	Undirected	10.0
100918	15899	Undirected	9.0
100918	-421481	Undirected	9.0
100918	-218763	Undirected	7.0
100918	39143	Undirected	7.0
100918	76149	Undirected	7.0
100918	43470	Undirected	8.0
100918	38641	Undirected	7.0
100918	78876	Undirected	7.0
100918	-493504	Undirected	7.0
100918	11671	Undirected	5.0
100918	37755	Undirected	8.0
100918	29315	Undirected	8.0
100918	91872	Undirected	8.0
100918	60732	Undirected	8.0
100918	105371	Undirected	8.0
100918	7600	Undirected	8.0
100918	-304143	Undirected	8.0
100918	17736	Undirected	8.0
100918	-234889	Undirected	8.0
100918	27121	Undirected	9.0
100918	-181243	Undirected	8.0
100918	-169061	Undirected	8.0
100918	55085	Undirected	8.0
100918	14726	Undirected	8.0
100918	5127	Undirected	8.0
100918	1373	Undirected	8.0
100918	101454	Undirected	8.0
100918	56751	Undirected	8.0
100918	2221	Undirected	8.0
100918	2493	Undirected	8.0
100918	125287	Undirected	8.0
100918	108100	Undirected	8.0
100918	17694	Undirected	8.0
100918	-253965	Undirected	8.0
100918	-124727	Undirected	8.0
100918	-12953	Undirected	8.0
100918	66256	Undirected	8.0
100918	71590	Undirected	6.0
100918	-129543	Undirected	4.0
100918	-471482	Undirected	4.0
100918	117173	Undirected	4.0
100918	-21575	Undirected	4.0
100918	-188815	Undirected	4.0
100918	56480	Undirected	5.0
100918	-439280	Undirected	4.0
100918	115742	Undirected	5.0
100918	96893	Undirected	4.0
100918	110718	Undirected	4.0
100918	4826	Undirected	4.0
103689	34742	Undirected	9.0
103689	-182372	Undirected	9.0
103689	53130	Undirected	9.0
103689	-188643	Undirected	9.0
103689	38487	Undirected	9.0
103689	2583	Undirected	9.0
103689	21508	Undirected	9.0
103689	31161	Undirected	9.0
103689	15899	Undirected	9.0
103689	-421481	Undirected	9.0
103689	-218763	Undirected	7.0
103689	39143	Undirected	7.0
103689	76149	Undirected	7.0
103689	43470	Undirected	8.0
103689	38641	Undirected	7.0
103689	78876	Undirected	7.0
103689	-493504	Undirected	7.0
103689	11671	Undirected	5.0
103689	37755	Undirected	8.0
103689	29315	Undirected	8.0
103689	91872	Undirected	8.0
103689	60732	Undirected	8.0
103689	105371	Undirected	8.0
103689	7600	Undirected	8.0
103689	-304143	Undirected	8.0
103689	17736	Undirected	8.0
103689	-234889	Undirected	8.0
103689	27121	Undirected	9.0
103689	-181243	Undirected	8.0
103689	-169061	Undirected	8.0
103689	55085	Undirected	8.0
103689	14726	Undirected	8.0
103689	5127	Undirected	8.0
103689	1373	Undirected	8.0
103689	101454	Undirected	8.0
103689	56751	Undirected	8.0
103689	2221	Undirected	8.0
103689	2493	Undirected	8.0
103689	125287	Undirected	8.0
103689	108100	Undirected	8.0
103689	17694	Undirected	8.0
103689	-253965	Undirected	8.0
103689	-124727	Undirected	8.0
103689	-12953	Undirected	8.0
103689	66256	Undirected	8.0
103689	71590	Undirected	6.0
103689	-129543	Undirected	4.0
103689	-471482	Undirected	4.0
103689	117173	Undirected	4.0
103689	-21575	Undirected	4.0
103689	-188815	Undirected	4.0
103689	56480	Undirected	5.0
103689	-439280	Undirected	4.0
103689	115742	Undirected	5.0
103689	96893	Undirected	4.0
103689	110718	Undirected	4.0
103689	4826	Undirected	4.0
34742	-182372	Undirected	9.0
34742	53130	Undirected	9.0
34742	-188643	Undirected	10.0
34742	38487	Undirected	10.0
34742	2583	Undirected	10.0
34742	21508	Undirected	10.0
34742	31161	Undirected	10.0
34742	15899	Undirected	9.0
34742	-421481	Undirected	9.0
34742	-218763	Undirected	7.0
34742	39143	Undirected	7.0
34742	76149	Undirected	7.0
34742	43470	Undirected	8.0
34742	38641	Undirected	7.0
34742	78876	Undirected	7.0
34742	-493504	Undirected	7.0
34742	11671	Undirected	5.0
34742	37755	Undirected	8.0
34742	29315	Undirected	8.0
34742	91872	Undirected	8.0
34742	60732	Undirected	8.0
34742	105371	Undirected	8.0
34742	7600	Undirected	8.0
34742	-304143	Undirected	8.0
34742	17736	Undirected	8.0
34742	-234889	Undirected	8.0
34742	27121	Undirected	9.0
34742	-181243	Undirected	8.0
34742	-169061	Undirected	8.0
34742	55085	Undirected	8.0
34742	14726	Undirected	8.0
34742	5127	Undirected	8.0
34742	1373	Undirected	8.0
34742	101454	Undirected	8.0
34742	56751	Undirected	8.0
34742	2221	Undirected	8.0
34742	2493	Undirected	8.0
34742	125287	Undirected	8.0
34742	108100	Undirected	8.0
34742	17694	Undirected	8.0
34742	-253965	Undirected	8.0
34742	-124727	Undirected	8.0
34742	-12953	Undirected	8.0
34742	66256	Undirected	8.0
34742	71590	Undirected	6.0
34742	-129543	Undirected	4.0
34742	-471482	Undirected	4.0
34742	117173	Undirected	4.0
34742	-21575	Undirected	4.0
34742	-188815	Undirected	4.0
34742	56480	Undirected	5.0
34742	-439280	Undirected	4.0
34742	115742	Undirected	5.0
34742	96893	Undirected	4.0
34742	110718	Undirected	4.0
34742	4826	Undirected	4.0
-182372	53130	Undirected	9.0
-182372	-188643	Undirected	9.0
-182372	38487	Undirected	9.0
-182372	2583	Undirected	9.0
-182372	21508	Undirected	9.0
-182372	31161	Undirected	9.0
-182372	15899	Undirected	9.0
-182372	-421481	Undirected	9.0
-182372	-218763	Undirected	7.0
-182372	39143	Undirected	7.0
-182372	76149	Undirected	7.0
-182372	43470	Undirected	8.0
-182372	38641	Undirected	7.0
-182372	78876	Undirected	7.0
-182372	-493504	Undirected	7.0
-182372	11671	Undirected	5.0
-182372	37755	Undirected	8.0
-182372	29315	Undirected	8.0
-182372	91872	Undirected	8.0
-182372	60732	Undirected	8.0
-182372	105371	Undirected	8.0
-182372	7600	Undirected	8.0
-182372	-304143	Undirected	8.0
-182372	17736	Undirected	8.0
-182372	-234889	Undirected	8.0
-182372	27121	Undirected	9.0
-182372	-181243	Undirected	8.0
-182372	-169061	Undirected	8.0
-182372	55085	Undirected	8.0
-182372	14726	Undirected	8.0
-182372	5127	Undirected	8.0
-182372	1373	Undirected	8.0
-182372	101454	Undirected	8.0
-182372	56751	Undirected	8.0
-182372	2221	Undirected	8.0
-182372	2493	Undirected	8.0
-182372	125287	Undirected	8.0
-182372	108100	Undirected	8.0
-182372	17694	Undirected	8.0
-182372	-253965	Undirected	8.0
-182372	-124727	Undirected	8.0
-182372	-12953	Undirected	8.0
-182372	66256	Undirected	8.0
-182372	71590	Undirected	6.0
-182372	-129543	Undirected	4.0
-182372	-471482	Undirected	4.0
-182372	117173	Undirected	4.0
-182372	-21575	Undirected	4.0
-182372	-188815	Undirected	4.0
-182372	56480	Undirected	5.0
-182372	-439280	Undirected	4.0
-182372	115742	Undirected	5.0
-182372	96893	Undirected	4.0
-182372	110718	Undirected	4.0
-182372	4826	Undirected	4.0
53130	-188643	Undirected	9.0
53130	38487	Undirected	9.0
53130	2583	Undirected	9.0
53130	21508	Undirected	9.0
53130	31161	Undirected	9.0
53130	15899	Undirected	9.0
53130	-421481	Undirected	9.0
53130	-218763	Undirected	7.0
53130	39143	Undirected	7.0
53130	76149	Undirected	7.0
53130	43470	Undirected	8.0
53130	38641	Undirected	7.0
53130	78876	Undirected	7.0
53130	-493504	Undirected	7.0
53130	11671	Undirected	5.0
53130	37755	Undirected	8.0
53130	29315	Undirected	8.0
53130	91872	Undirected	8.0
53130	60732	Undirected	8.0
53130	105371	Undirected	8.0
53130	7600	Undirected	8.0
53130	-304143	Undirected	8.0
53130	17736	Undirected	8.0
53130	-234889	Undirected	8.0
53130	27121	Undirected	9.0
53130	-181243	Undirected	8.0
53130	-169061	Undirected	8.0
53130	55085	Undirected	8.0
53130	14726	Undirected	8.0
53130	5127	Undirected	8.0
53130	1373	Undirected	8.0
53130	101454	Undirected	8.0
53130	56751	Undirected	8.0
53130	2221	Undirected	8.0
53130	2493	Undirected	8.0
53130	125287	Undirected	8.0
53130	108100	Undirected	8.0
53130	17694	Undirected	8.0
53130	-253965	Undirected	8.0
53130	-124727	Undirected	8.0
53130	-12953	Undirected	8.0
53130	66256	Undirected	8.0
53130	71590	Undirected	6.0
53130	-129543	Undirected	4.0
53130	-471482	Undirected	4.0
53130	117173	Undirected	4.0
53130	-21575	Undirected	4.0
53130	-188815	Undirected	4.0
53130	56480	Undirected	5.0
53130	-439280	Undirected	4.0
53130	115742	Undirected	5.0
53130	96893	Undirected	4.0
53130	110718	Undirected	4.0
53130	4826	Undirected	4.0
-188643	38487	Undirected	10.0
-188643	2583	Undirected	10.0
-188643	21508	Undirected	10.0
-188643	31161	Undirected	10.0
-188643	15899	Undirected	9.0
-188643	-421481	Undirected	9.0
-188643	-218763	Undirected	7.0
-188643	39143	Undirected	7.0
-188643	76149	Undirected	7.0
-188643	43470	Undirected	8.0
-188643	38641	Undirected	7.0
-188643	78876	Undirected	7.0
-188643	-493504	Undirected	7.0
-188643	11671	Undirected	5.0
-188643	37755	Undirected	8.0
-188643	29315	Undirected	8.0
-188643	91872	Undirected	8.0
-188643	60732	Undirected	8.0
-188643	105371	Undirected	8.0
-188643	7600	Undirected	8.0
-188643	-304143	Undirected	8.0
-188643	17736	Undirected	8.0
-188643	-234889	Undirected	8.0
-188643	27121	Undirected	9.0
-188643	-181243	Undirected	8.0
-188643	-169061	Undirected	8.0
-188643	55085	Undirected	8.0
-188643	14726	Undirected	8.0
-188643	5127	Undirected	8.0
-188643	1373	Undirected	8.0
-188643	101454	Undirected	8.0
-188643	56751	Undirected	8.0
-188643	2221	Undirected	8.0
-188643	2493	Undirected	8.0
-188643	125287	Undirected	8.0
-188643	108100	Undirected	8.0
-188643	17694	Undirected	8.0
-188643	-253965	Undirected	8.0
-188643	-124727	Undirected	8.0
-188643	-12953	Undirected	8.0
-188643	66256	Undirected	8.0
-188643	71590	Undirected	6.0
-188643	-129543	Undirected	4.0
-188643	-471482	Undirected	4.0
-188643	117173	Undirected	4.0
-188643	-21575	Undirected	4.0
-188643	-188815	Undirected	4.0
-188643	56480	Undirected	5.0
-188643	-439280	Undirected	4.0
-188643	115742	Undirected	5.0
-188643	96893	Undirected	4.0
-188643	110718	Undirected	4.0
-188643	4826	Undirected	4.0
38487	2583	Undirected	10.0
38487	21508	Undirected	10.0
38487	31161	Undirected	10.0
38487	15899	Undirected	9.0
38487	-421481	Undirected	9.0
38487	-218763	Undirected	7.0
38487	39143	Undirected	7.0
38487	76149	Undirected	7.0
38487	43470	Undirected	8.0
38487	38641	Undirected	7.0
38487	78876	Undirected	7.0
38487	-493504	Undirected	7.0
38487	11671	Undirected	5.0
38487	37755	Undirected	8.0
38487	29315	Undirected	8.0
38487	91872	Undirected	8.0
38487	60732	Undirected	8.0
38487	105371	Undirected	8.0
38487	7600	Undirected	8.0
38487	-304143	Undirected	8.0
38487	17736	Undirected	8.0
38487	-234889	Undirected	8.0
38487	27121	Undirected	9.0
38487	-181243	Undirected	8.0
38487	-169061	Undirected	8.0
38487	55085	Undirected	8.0
38487	14726	Undirected	8.0
38487	5127	Undirected	8.0
38487	1373	Undirected	8.0
38487	101454	Undirected	8.0
38487	56751	Undirected	8.0
38487	2221	Undirected	8.0
38487	2493	Undirected	8.0
38487	125287	Undirected	8.0
38487	108100	Undirected	8.0
38487	17694	Undirected	8.0
38487	-253965	Undirected	8.0
38487	-124727	Undirected	8.0
38487	-12953	Undirected	8.0
38487	66256	Undirected	8.0
38487	71590	Undirected	6.0
38487	-129543	Undirected	4.0
38487	-471482	Undirected	4.0
38487	117173	Undirected	4.0
38487	-21575	Undirected	4.0
38487	-188815	Undirected	4.0
38487	56480	Undirected	5.0
38487	-439280	Undirected	4.0
38487	115742	Undirected	5.0
38487	96893	Undirected	4.0
38487	110718	Undirected	4.0
38487	4826	Undirected	4.0
2583	21508	Undirected	10.0
2583	31161	Undirected	10.0
2583	15899	Undirected	9.0
2583	-421481	Undirected	9.0
2583	-218763	Undirected	7.0
2583	39143	Undirected	7.0
2583	76149	Undirected	7.0
2583	43470	Undirected	8.0
2583	38641	Undirected	7.0
2583	78876	Undirected	7.0
2583	-493504	Undirected	7.0
2583	11671	Undirected	5.0
2583	37755	Undirected	8.0
2583	29315	Undirected	8.0
2583	91872	Undirected	8.0
2583	60732	Undirected	8.0
2583	105371	Undirected	8.0
2583	7600	Undirected	8.0
2583	-304143	Undirected	8.0
2583	17736	Undirected	8.0
2583	-234889	Undirected	8.0
2583	27121	Undirected	9.0
2583	-181243	Undirected	8.0
2583	-169061	Undirected	8.0
2583	55085	Undirected	8.0
2583	14726	Undirected	8.0
2583	5127	Undirected	8.0
2583	1373	Undirected	8.0
2583	101454	Undirected	8.0
2583	56751	Undirected	8.0
2583	2221	Undirected	8.0
2583	2493	Undirected	8.0
2583	125287	Undirected	8.0
2583	108100	Undirected	8.0
2583	17694	Undirected	8.0
2583	-253965	Undirected	8.0
2583	-124727	Undirected	8.0
2583	-12953	Undirected	8.0
2583	66256	Undirected	8.0
2583	71590	Undirected	6.0
2583	-129543	Undirected	4.0
2583	-471482	Undirected	4.0
2583	117173	Undirected	4.0
2583	-21575	Undirected	4.0
2583	-188815	Undirected	4.0
2583	56480	Undirected	5.0
2583	-439280	Undirected	4.0
2583	115742	Undirected	5.0
2583	96893	Undirected	4.0
2583	110718	Undirected	4.0
2583	4826	Undirected	4.0
21508	31161	Undirected	10.0
21508	15899	Undirected	9.0
21508	-421481	Undirected	9.0
21508	-218763	Undirected	7.0
21508	39143	Undirected	7.0
21508	76149	Undirected	7.0
21508	43470	Undirected	8.0
21508	38641	Undirected	7.0
21508	78876	Undirected	7.0
21508	-493504	Undirected	7.0
21508	11671	Undirected	5.0
21508	37755	Undirected	8.0
21508	29315	Undirected	8.0
21508	91872	Undirected	8.0
21508	60732	Undirected	8.0
21508	105371	Undirected	8.0
21508	7600	Undirected	8.0
21508	-304143	Undirected	8.0
21508	17736	Undirected	8.0
21508	-234889	Undirected	8.0
21508	27121	Undirected	9.0
21508	-181243	Undirected	8.0
21508	-169061	Undirected	8.0
21508	55085	Undirected	8.0
21508	14726	Undirected	8.0
21508	5127	Undirected	8.0
21508	1373	Undirected	8.0
21508	101454	Undirected	8.0
21508	56751	Undirected	8.0
21508	2221	Undirected	8.0
21508	2493	Undirected	8.0
21508	125287	Undirected	8.0
21508	108100	Undirected	8.0
21508	17694	Undirected	8.0
21508	-253965	Undirected	8.0
21508	-124727	Undirected	8.0
21508	-12953	Undirected	8.0
21508	66256	Undirected	8.0
21508	71590	Undirected	6.0
21508	-129543	Undirected	4.0
21508	-471482	Undirected	4.0
21508	117173	Undirected	4.0
21508	-21575	Undirected	4.0
21508	-188815	Undirected	4.0
21508	56480	Undirected	5.0
21508	-439280	Undirected	4.0
21508	115742	Undirected	5.0
21508	96893	Undirected	4.0
21508	110718	Undirected	4.0
21508	4826	Undirected	4.0
31161	15899	Undirected	9.0
31161	-421481	Undirected	9.0
31161	-218763	Undirected	7.0
31161	39143	Undirected	7.0
31161	76149	Undirected	7.0
31161	43470	Undirected	8.0
31161	38641	Undirected	7.0
31161	78876	Undirected	7.0
31161	-493504	Undirected	7.0
31161	11671	Undirected	5.0
31161	37755	Undirected	8.0
31161	29315	Undirected	8.0
31161	91872	Undirected	8.0
31161	60732	Undirected	8.0
31161	105371	Undirected	8.0
31161	7600	Undirected	8.0
31161	-304143	Undirected	8.0
31161	17736	Undirected	8.0
31161	-234889	Undirected	8.0
31161	27121	Undirected	9.0
31161	-181243	Undirected	8.0
31161	-169061	Undirected	8.0
31161	55085	Undirected	8.0
31161	14726	Undirected	8.0
31161	5127	Undirected	8.0
31161	1373	Undirected	8.0
31161	101454	Undirected	8.0
31161	56751	Undirected	8.0
31161	2221	Undirected	8.0
31161	2493	Undirected	8.0
31161	125287	Undirected	8.0
31161	108100	Undirected	8.0
31161	17694	Undirected	8.0
31161	-253965	Undirected	8.0
31161	-124727	Undirected	8.0
31161	-12953	Undirected	8.0
31161	66256	Undirected	8.0
31161	71590	Undirected	6.0
31161	-129543	Undirected	4.0
31161	-471482	Undirected	4.0
31161	117173	Undirected	4.0
31161	-21575	Undirected	4.0
31161	-188815	Undirected	4.0
31161	56480	Undirected	5.0
31161	-439280	Undirected	4.0
31161	115742	Undirected	5.0
31161	96893	Undirected	4.0
31161	110718	Undirected	4.0
31161	4826	Undirected	4.0
15899	-421481	Undirected	9.0
15899	-218763	Undirected	7.0
15899	39143	Undirected	7.0
15899	76149	Undirected	7.0
15899	43470	Undirected	8.0
15899	38641	Undirected	7.0
15899	78876	Undirected	7.0
15899	-493504	Undirected	7.0
15899	11671	Undirected	5.0
15899	37755	Undirected	8.0
15899	29315	Undirected	8.0
15899	91872	Undirected	8.0
15899	60732	Undirected	8.0
15899	105371	Undirected	8.0
15899	7600	Undirected	8.0
15899	-304143	Undirected	8.0
15899	17736	Undirected	8.0
15899	-234889	Undirected	8.0
15899	27121	Undirected	9.0
15899	-181243	Undirected	8.0
15899	-169061	Undirected	8.0
15899	55085	Undirected	8.0
15899	14726	Undirected	8.0
15899	5127	Undirected	8.0
15899	1373	Undirected	8.0
15899	101454	Undirected	8.0
15899	56751	Undirected	8.0
15899	2221	Undirected	8.0
15899	2493	Undirected	8.0
15899	125287	Undirected	8.0
15899	108100	Undirected	8.0
15899	17694	Undirected	8.0
15899	-253965	Undirected	8.0
15899	-124727	Undirected	8.0
15899	-12953	Undirected	8.0
15899	66256	Undirected	8.0
15899	71590	Undirected	6.0
15899	-129543	Undirected	4.0
15899	-471482	Undirected	4.0
15899	117173	Undirected	4.0
15899	-21575	Undirected	4.0
15899	-188815	Undirected	4.0
15899	56480	Undirected	5.0
15899	-439280	Undirected	4.0
15899	115742	Undirected	5.0
15899	96893	Undirected	4.0
15899	110718	Undirected	4.0
15899	4826	Undirected	4.0
-421481	-218763	Undirected	7.0
-421481	39143	Undirected	7.0
-421481	76149	Undirected	7.0
-421481	43470	Undirected	8.0
-421481	38641	Undirected	7.0
-421481	78876	Undirected	7.0
-421481	-493504	Undirected	7.0
-421481	11671	Undirected	5.0
-421481	37755	Undirected	8.0
-421481	29315	Undirected	8.0
-421481	91872	Undirected	8.0
-421481	60732	Undirected	8.0
-421481	105371	Undirected	8.0
-421481	7600	Undirected	8.0
-421481	-304143	Undirected	8.0
-421481	17736	Undirected	8.0
-421481	-234889	Undirected	8.0
-421481	27121	Undirected	9.0
-421481	-181243	Undirected	8.0
-421481	-169061	Undirected	8.0
-421481	55085	Undirected	8.0
-421481	14726	Undirected	8.0
-421481	5127	Undirected	8.0
-421481	1373	Undirected	8.0
-421481	101454	Undirected	8.0
-421481	56751	Undirected	8.0
-421481	2221	Undirected	8.0
-421481	2493	Undirected	8.0
-421481	125287	Undirected	8.0
-421481	108100	Undirected	8.0
-421481	17694	Undirected	8.0
-421481	-253965	Undirected	8.0
-421481	-124727	Undirected	8.0
-421481	-12953	Undirected	8.0
-421481	66256	Undirected	8.0
-421481	71590	Undirected	6.0
-421481	-129543	Undirected	4.0
-421481	-471482	Undirected	4.0
-421481	117173	Undirected	4.0
-421481	-21575	Undirected	4.0
-421481	-188815	Undirected	4.0
-421481	56480	Undirected	5.0
-421481	-439280	Undirected	4.0
-421481	115742	Undirected	5.0
-421481	96893	Undirected	4.0
-421481	110718	Undirected	4.0
-421481	4826	Undirected	4.0
-218763	39143	Undirected	7.0
-218763	76149	Undirected	7.0
-218763	43470	Undirected	7.0
-218763	38641	Undirected	7.0
-218763	78876	Undirected	7.0
-218763	-493504	Undirected	7.0
-218763	11671	Undirected	4.0
-218763	37755	Undirected	7.0
-218763	29315	Undirected	7.0
-218763	91872	Undirected	7.0
-218763	60732	Undirected	7.0
-218763	105371	Undirected	7.0
-218763	7600	Undirected	7.0
-218763	-304143	Undirected	7.0
-218763	17736	Undirected	7.0
-218763	-234889	Undirected	7.0
-218763	27121	Undirected	7.0
-218763	-181243	Undirected	7.0
-218763	-169061	Undirected	7.0
-218763	55085	Undirected	7.0
-218763	14726	Undirected	7.0
-218763	5127	Undirected	7.0
-218763	1373	Undirected	7.0
-218763	101454	Undirected	7.0
-218763	56751	Undirected	7.0
-218763	2221	Undirected	7.0
-218763	2493	Undirected	7.0
-218763	125287	Undirected	7.0
-218763	108100	Undirected	7.0
-218763	17694	Undirected	7.0
-218763	-253965	Undirected	7.0
-218763	-124727	Undirected	7.0
-218763	-12953	Undirected	7.0
-218763	66256	Undirected	7.0
-218763	71590	Undirected	6.0
-218763	56480	Undirected	4.0
-218763	115742	Undirected	4.0
-218763	110718	Undirected	4.0
39143	76149	Undirected	7.0
39143	43470	Undirected	7.0
39143	38641	Undirected	7.0
39143	78876	Undirected	7.0
39143	-493504	Undirected	7.0
39143	11671	Undirected	4.0
39143	37755	Undirected	7.0
39143	29315	Undirected	7.0
39143	91872	Undirected	7.0
39143	60732	Undirected	7.0
39143	105371	Undirected	7.0
39143	7600	Undirected	7.0
39143	-304143	Undirected	7.0
39143	17736	Undirected	7.0
39143	-234889	Undirected	7.0
39143	27121	Undirected	7.0
39143	-181243	Undirected	7.0
39143	-169061	Undirected	7.0
39143	55085	Undirected	7.0
39143	14726	Undirected	7.0
39143	5127	Undirected	7.0
39143	1373	Undirected	7.0
39143	101454	Undirected	7.0
39143	56751	Undirected	7.0
39143	2221	Undirected	7.0
39143	2493	Undirected	7.0
39143	125287	Undirected	7.0
39143	108100	Undirected	7.0
39143	17694	Undirected	7.0
39143	-253965	Undirected	7.0
39143	-124727	Undirected	7.0
39143	-12953	Undirected	7.0
39143	66256	Undirected	7.0
39143	71590	Undirected	6.0
39143	56480	Undirected	4.0
39143	115742	Undirected	4.0
39143	110718	Undirected	4.0
76149	43470	Undirected	7.0
76149	38641	Undirected	7.0
76149	78876	Undirected	7.0
76149	-493504	Undirected	7.0
76149	11671	Undirected	4.0
76149	37755	Undirected	7.0
76149	29315	Undirected	7.0
76149	91872	Undirected	7.0
76149	60732	Undirected	7.0
76149	105371	Undirected	7.0
76149	7600	Undirected	7.0
76149	-304143	Undirected	7.0
76149	17736	Undirected	7.0
76149	-234889	Undirected	7.0
76149	27121	Undirected	7.0
76149	-181243	Undirected	7.0
76149	-169061	Undirected	7.0
76149	55085	Undirected	7.0
76149	14726	Undirected	7.0
76149	5127	Undirected	7.0
76149	1373	Undirected	7.0
76149	101454	Undirected	7.0
76149	56751	Undirected	7.0
76149	2221	Undirected	7.0
76149	2493	Undirected	7.0
76149	125287	Undirected	7.0
76149	108100	Undirected	7.0
76149	17694	Undirected	7.0
76149	-253965	Undirected	7.0
76149	-124727	Undirected	7.0
76149	-12953	Undirected	7.0
76149	66256	Undirected	7.0
76149	71590	Undirected	6.0
76149	56480	Undirected	4.0
76149	115742	Undirected	4.0
76149	110718	Undirected	4.0
43470	38641	Undirected	7.0
43470	78876	Undirected	7.0
43470	-493504	Undirected	7.0
43470	11671	Undirected	5.0
43470	37755	Undirected	8.0
43470	29315	Undirected	8.0
43470	91872	Undirected	8.0
43470	60732	Undirected	8.0
43470	105371	Undirected	8.0
43470	7600	Undirected	8.0
43470	-304143	Undirected	8.0
43470	17736	Undirected	8.0
43470	-234889	Undirected	8.0
43470	27121	Undirected	8.0
43470	-181243	Undirected	8.0
43470	-169061	Undirected	8.0
43470	55085	Undirected	8.0
43470	14726	Undirected	8.0
43470	5127	Undirected	8.0
43470	1373	Undirected	8.0
43470	101454	Undirected	8.0
43470	56751	Undirected	8.0
43470	2221	Undirected	8.0
43470	2493	Undirected	8.0
43470	125287	Undirected	8.0
43470	108100	Undirected	8.0
43470	17694	Undirected	8.0
43470	-253965	Undirected	8.0
43470	-124727	Undirected	8.0
43470	-12953	Undirected	8.0
43470	66256	Undirected	8.0
43470	71590	Undirected	6.0
43470	53062	Undirected	4.0
43470	25203	Undirected	4.0
43470	-21184	Undirected	4.0
43470	-129543	Undirected	5.0
43470	-223180	Undirected	5.0
43470	42685	Undirected	4.0
43470	-471482	Undirected	5.0
43470	117173	Undirected	5.0
43470	-21575	Undirected	4.0
43470	41081	Undirected	4.0
43470	-208490	Undirected	4.0
43470	-188815	Undirected	5.0
43470	794	Undirected	4.0
43470	92027	Undirected	4.0
43470	12980	Undirected	4.0
43470	40650	Undirected	5.0
43470	-198820	Undirected	4.0
43470	-395121	Undirected	4.0
43470	-25307	Undirected	4.0
43470	-111157	Undirected	4.0
43470	-6882	Undirected	4.0
43470	93053	Undirected	4.0
43470	-40448	Undirected	4.0
43470	-30909	Undirected	4.0
43470	-49749	Undirected	4.0
43470	57752	Undirected	5.0
43470	118024	Undirected	4.0
43470	-440293	Undirected	4.0
43470	21727	Undirected	4.0
43470	114123	Undirected	4.0
43470	-448598	Undirected	4.0
43470	-441051	Undirected	4.0
43470	-246854	Undirected	4.0
43470	32178	Undirected	5.0
43470	106640	Undirected	5.0
43470	82103	Undirected	5.0
43470	29823	Undirected	5.0
43470	-429174	Undirected	5.0
43470	-116491	Undirected	5.0
43470	74829	Undirected	5.0
43470	75056	Undirected	4.0
43470	56480	Undirected	5.0
43470	-439280	Undirected	4.0
43470	115742	Undirected	5.0
43470	96893	Undirected	4.0
43470	110718	Undirected	4.0
43470	4826	Undirected	4.0
43470	31979	Undirected	4.0
38641	78876	Undirected	7.0
38641	-493504	Undirected	7.0
38641	11671	Undirected	4.0
38641	37755	Undirected	7.0
38641	29315	Undirected	7.0
38641	91872	Undirected	7.0
38641	60732	Undirected	7.0
38641	105371	Undirected	7.0
38641	7600	Undirected	7.0
38641	-304143	Undirected	7.0
38641	17736	Undirected	7.0
38641	-234889	Undirected	7.0
38641	27121	Undirected	7.0
38641	-181243	Undirected	7.0
38641	-169061	Undirected	7.0
38641	55085	Undirected	7.0
38641	14726	Undirected	7.0
38641	5127	Undirected	7.0
38641	1373	Undirected	7.0
38641	101454	Undirected	7.0
38641	56751	Undirected	7.0
38641	2221	Undirected	7.0
38641	2493	Undirected	7.0
38641	125287	Undirected	7.0
38641	108100	Undirected	7.0
38641	17694	Undirected	7.0
38641	-253965	Undirected	7.0
38641	-124727	Undirected	7.0
38641	-12953	Undirected	7.0
38641	66256	Undirected	7.0
38641	71590	Undirected	6.0
38641	56480	Undirected	4.0
38641	115742	Undirected	4.0
38641	110718	Undirected	4.0
78876	-493504	Undirected	7.0
78876	11671	Undirected	4.0
78876	37755	Undirected	7.0
78876	29315	Undirected	7.0
78876	91872	Undirected	7.0
78876	60732	Undirected	7.0
78876	105371	Undirected	7.0
78876	7600	Undirected	7.0
78876	-304143	Undirected	7.0
78876	17736	Undirected	7.0
78876	-234889	Undirected	7.0
78876	27121	Undirected	7.0
78876	-181243	Undirected	7.0
78876	-169061	Undirected	7.0
78876	55085	Undirected	7.0
78876	14726	Undirected	7.0
78876	5127	Undirected	7.0
78876	1373	Undirected	7.0
78876	101454	Undirected	7.0
78876	56751	Undirected	7.0
78876	2221	Undirected	7.0
78876	2493	Undirected	7.0
78876	125287	Undirected	7.0
78876	108100	Undirected	7.0
78876	17694	Undirected	7.0
78876	-253965	Undirected	7.0
78876	-124727	Undirected	7.0
78876	-12953	Undirected	7.0
78876	66256	Undirected	7.0
78876	71590	Undirected	6.0
78876	56480	Undirected	4.0
78876	115742	Undirected	4.0
78876	110718	Undirected	4.0
-493504	11671	Undirected	4.0
-493504	37755	Undirected	7.0
-493504	29315	Undirected	7.0
-493504	91872	Undirected	7.0
-493504	60732	Undirected	7.0
-493504	105371	Undirected	7.0
-493504	7600	Undirected	7.0
-493504	-304143	Undirected	7.0
-493504	17736	Undirected	7.0
-493504	-234889	Undirected	7.0
-493504	27121	Undirected	7.0
-493504	-181243	Undirected	7.0
-493504	-169061	Undirected	7.0
-493504	55085	Undirected	7.0
-493504	14726	Undirected	7.0
-493504	5127	Undirected	7.0
-493504	1373	Undirected	7.0
-493504	101454	Undirected	7.0
-493504	56751	Undirected	7.0
-493504	2221	Undirected	7.0
-493504	2493	Undirected	7.0
-493504	125287	Undirected	7.0
-493504	108100	Undirected	7.0
-493504	17694	Undirected	7.0
-493504	-253965	Undirected	7.0
-493504	-124727	Undirected	7.0
-493504	-12953	Undirected	7.0
-493504	66256	Undirected	7.0
-493504	71590	Undirected	6.0
-493504	56480	Undirected	4.0
-493504	115742	Undirected	4.0
-493504	110718	Undirected	4.0
11671	37755	Undirected	5.0
11671	29315	Undirected	5.0
11671	91872	Undirected	5.0
11671	60732	Undirected	5.0
11671	105371	Undirected	5.0
11671	7600	Undirected	5.0
11671	-304143	Undirected	5.0
11671	17736	Undirected	5.0
11671	-234889	Undirected	5.0
11671	27121	Undirected	5.0
11671	-181243	Undirected	5.0
11671	-169061	Undirected	5.0
11671	55085	Undirected	5.0
11671	14726	Undirected	5.0
11671	5127	Undirected	5.0
11671	1373	Undirected	5.0
11671	101454	Undirected	5.0
11671	56751	Undirected	5.0
11671	2221	Undirected	5.0
11671	2493	Undirected	5.0
11671	125287	Undirected	5.0
11671	108100	Undirected	5.0
11671	17694	Undirected	5.0
11671	-253965	Undirected	5.0
11671	-124727	Undirected	5.0
11671	-12953	Undirected	5.0
11671	66256	Undirected	5.0
11671	71590	Undirected	4.0
37755	29315	Undirected	8.0
37755	91872	Undirected	8.0
37755	60732	Undirected	8.0
37755	105371	Undirected	8.0
37755	7600	Undirected	8.0
37755	-304143	Undirected	8.0
37755	17736	Undirected	8.0
37755	-234889	Undirected	8.0
37755	27121	Undirected	8.0
37755	-181243	Undirected	8.0
37755	-169061	Undirected	8.0
37755	55085	Undirected	8.0
37755	14726	Undirected	8.0
37755	5127	Undirected	8.0
37755	1373	Undirected	8.0
37755	101454	Undirected	8.0
37755	56751	Undirected	8.0
37755	2221	Undirected	8.0
37755	2493	Undirected	8.0
37755	125287	Undirected	8.0
37755	108100	Undirected	8.0
37755	17694	Undirected	8.0
37755	-253965	Undirected	8.0
37755	-124727	Undirected	8.0
37755	-12953	Undirected	8.0
37755	66256	Undirected	8.0
37755	71590	Undirected	6.0
37755	-129543	Undirected	4.0
37755	-471482	Undirected	4.0
37755	117173	Undirected	4.0
37755	-21575	Undirected	4.0
37755	-188815	Undirected	4.0
37755	56480	Undirected	5.0
37755	-439280	Undirected	4.0
37755	115742	Undirected	5.0
37755	96893	Undirected	4.0
37755	110718	Undirected	4.0
37755	4826	Undirected	4.0
29315	91872	Undirected	8.0
29315	60732	Undirected	8.0
29315	105371	Undirected	8.0
29315	7600	Undirected	8.0
29315	-304143	Undirected	8.0
29315	17736	Undirected	8.0
29315	-234889	Undirected	8.0
29315	27121	Undirected	8.0
29315	-181243	Undirected	8.0
29315	-169061	Undirected	8.0
29315	55085	Undirected	8.0
29315	14726	Undirected	8.0
29315	5127	Undirected	8.0
29315	1373	Undirected	8.0
29315	101454	Undirected	8.0
29315	56751	Undirected	8.0
29315	2221	Undirected	8.0
29315	2493	Undirected	8.0
29315	125287	Undirected	8.0
29315	108100	Undirected	8.0
29315	17694	Undirected	8.0
29315	-253965	Undirected	8.0
29315	-124727	Undirected	8.0
29315	-12953	Undirected	8.0
29315	66256	Undirected	8.0
29315	71590	Undirected	6.0
29315	-129543	Undirected	4.0
29315	-471482	Undirected	4.0
29315	117173	Undirected	4.0
29315	-21575	Undirected	4.0
29315	-188815	Undirected	4.0
29315	56480	Undirected	5.0
29315	-439280	Undirected	4.0
29315	115742	Undirected	5.0
29315	96893	Undirected	4.0
29315	110718	Undirected	4.0
29315	4826	Undirected	4.0
91872	60732	Undirected	8.0
91872	105371	Undirected	8.0
91872	7600	Undirected	8.0
91872	-304143	Undirected	8.0
91872	17736	Undirected	8.0
91872	-234889	Undirected	8.0
91872	27121	Undirected	8.0
91872	-181243	Undirected	8.0
91872	-169061	Undirected	8.0
91872	55085	Undirected	8.0
91872	14726	Undirected	8.0
91872	5127	Undirected	8.0
91872	1373	Undirected	8.0
91872	101454	Undirected	8.0
91872	56751	Undirected	8.0
91872	2221	Undirected	8.0
91872	2493	Undirected	8.0
91872	125287	Undirected	8.0
91872	108100	Undirected	8.0
91872	17694	Undirected	8.0
91872	-253965	Undirected	8.0
91872	-124727	Undirected	8.0
91872	-12953	Undirected	8.0
91872	66256	Undirected	8.0
91872	71590	Undirected	6.0
91872	-129543	Undirected	4.0
91872	-471482	Undirected	4.0
91872	117173	Undirected	4.0
91872	-21575	Undirected	4.0
91872	-188815	Undirected	4.0
91872	56480	Undirected	5.0
91872	-439280	Undirected	4.0
91872	115742	Undirected	5.0
91872	96893	Undirected	4.0
91872	110718	Undirected	4.0
91872	4826	Undirected	4.0
60732	105371	Undirected	8.0
60732	7600	Undirected	8.0
60732	-304143	Undirected	8.0
60732	17736	Undirected	8.0
60732	-234889	Undirected	8.0
60732	27121	Undirected	8.0
60732	-181243	Undirected	8.0
60732	-169061	Undirected	8.0
60732	55085	Undirected	8.0
60732	14726	Undirected	8.0
60732	5127	Undirected	8.0
60732	1373	Undirected	8.0
60732	101454	Undirected	8.0
60732	56751	Undirected	8.0
60732	2221	Undirected	8.0
60732	2493	Undirected	8.0
60732	125287	Undirected	8.0
60732	108100	Undirected	8.0
60732	17694	Undirected	8.0
60732	-253965	Undirected	8.0
60732	-124727	Undirected	8.0
60732	-12953	Undirected	8.0
60732	66256	Undirected	8.0
60732	71590	Undirected	6.0
60732	-129543	Undirected	4.0
60732	-471482	Undirected	4.0
60732	117173	Undirected	4.0
60732	-21575	Undirected	4.0
60732	-188815	Undirected	4.0
60732	56480	Undirected	5.0
60732	-439280	Undirected	4.0
60732	115742	Undirected	5.0
60732	96893	Undirected	4.0
60732	110718	Undirected	4.0
60732	4826	Undirected	4.0
105371	7600	Undirected	8.0
105371	-304143	Undirected	8.0
105371	17736	Undirected	8.0
105371	-234889	Undirected	8.0
105371	27121	Undirected	8.0
105371	-181243	Undirected	8.0
105371	-169061	Undirected	8.0
105371	55085	Undirected	8.0
105371	14726	Undirected	8.0
105371	5127	Undirected	8.0
105371	1373	Undirected	8.0
105371	101454	Undirected	8.0
105371	56751	Undirected	8.0
105371	2221	Undirected	8.0
105371	2493	Undirected	8.0
105371	125287	Undirected	8.0
105371	108100	Undirected	8.0
105371	17694	Undirected	8.0
105371	-253965	Undirected	8.0
105371	-124727	Undirected	8.0
105371	-12953	Undirected	8.0
105371	66256	Undirected	8.0
105371	71590	Undirected	6.0
105371	-129543	Undirected	4.0
105371	-471482	Undirected	4.0
105371	117173	Undirected	4.0
105371	-21575	Undirected	4.0
105371	-188815	Undirected	4.0
105371	56480	Undirected	5.0
105371	-439280	Undirected	4.0
105371	115742	Undirected	5.0
105371	96893	Undirected	4.0
105371	110718	Undirected	4.0
105371	4826	Undirected	4.0
7600	-304143	Undirected	8.0
7600	17736	Undirected	8.0
7600	-234889	Undirected	8.0
7600	27121	Undirected	8.0
7600	-181243	Undirected	8.0
7600	-169061	Undirected	8.0
7600	55085	Undirected	8.0
7600	14726	Undirected	8.0
7600	5127	Undirected	8.0
7600	1373	Undirected	8.0
7600	101454	Undirected	8.0
7600	56751	Undirected	8.0
7600	2221	Undirected	8.0
7600	2493	Undirected	8.0
7600	125287	Undirected	8.0
7600	108100	Undirected	8.0
7600	17694	Undirected	8.0
7600	-253965	Undirected	8.0
7600	-124727	Undirected	8.0
7600	-12953	Undirected	8.0
7600	66256	Undirected	8.0
7600	71590	Undirected	6.0
7600	-129543	Undirected	4.0
7600	-471482	Undirected	4.0
7600	117173	Undirected	4.0
7600	-21575	Undirected	4.0
7600	-188815	Undirected	4.0
7600	56480	Undirected	5.0
7600	-439280	Undirected	4.0
7600	115742	Undirected	5.0
7600	96893	Undirected	4.0
7600	110718	Undirected	4.0
7600	4826	Undirected	4.0
-304143	17736	Undirected	8.0
-304143	-234889	Undirected	8.0
-304143	27121	Undirected	8.0
-304143	-181243	Undirected	8.0
-304143	-169061	Undirected	8.0
-304143	55085	Undirected	8.0
-304143	14726	Undirected	8.0
-304143	5127	Undirected	8.0
-304143	1373	Undirected	8.0
-304143	101454	Undirected	8.0
-304143	56751	Undirected	8.0
-304143	2221	Undirected	8.0
-304143	2493	Undirected	8.0
-304143	125287	Undirected	8.0
-304143	108100	Undirected	8.0
-304143	17694	Undirected	8.0
-304143	-253965	Undirected	8.0
-304143	-124727	Undirected	8.0
-304143	-12953	Undirected	8.0
-304143	66256	Undirected	8.0
-304143	71590	Undirected	6.0
-304143	-129543	Undirected	4.0
-304143	-471482	Undirected	4.0
-304143	117173	Undirected	4.0
-304143	-21575	Undirected	4.0
-304143	-188815	Undirected	4.0
-304143	56480	Undirected	5.0
-304143	-439280	Undirected	4.0
-304143	115742	Undirected	5.0
-304143	96893	Undirected	4.0
-304143	110718	Undirected	4.0
-304143	4826	Undirected	4.0
17736	-234889	Undirected	8.0
17736	27121	Undirected	8.0
17736	-181243	Undirected	8.0
17736	-169061	Undirected	8.0
17736	55085	Undirected	8.0
17736	14726	Undirected	8.0
17736	5127	Undirected	8.0
17736	1373	Undirected	8.0
17736	101454	Undirected	8.0
17736	56751	Undirected	8.0
17736	2221	Undirected	8.0
17736	2493	Undirected	8.0
17736	125287	Undirected	8.0
17736	108100	Undirected	8.0
17736	17694	Undirected	8.0
17736	-253965	Undirected	8.0
17736	-124727	Undirected	8.0
17736	-12953	Undirected	8.0
17736	66256	Undirected	8.0
17736	71590	Undirected	6.0
17736	-129543	Undirected	4.0
17736	-471482	Undirected	4.0
17736	117173	Undirected	4.0
17736	-21575	Undirected	4.0
17736	-188815	Undirected	4.0
17736	56480	Undirected	5.0
17736	-439280	Undirected	4.0
17736	115742	Undirected	5.0
17736	96893	Undirected	4.0
17736	110718	Undirected	4.0
17736	4826	Undirected	4.0
-234889	27121	Undirected	8.0
-234889	-181243	Undirected	8.0
-234889	-169061	Undirected	8.0
-234889	55085	Undirected	8.0
-234889	14726	Undirected	8.0
-234889	5127	Undirected	8.0
-234889	1373	Undirected	8.0
-234889	101454	Undirected	8.0
-234889	56751	Undirected	8.0
-234889	2221	Undirected	8.0
-234889	2493	Undirected	8.0
-234889	125287	Undirected	8.0
-234889	108100	Undirected	8.0
-234889	17694	Undirected	8.0
-234889	-253965	Undirected	8.0
-234889	-124727	Undirected	8.0
-234889	-12953	Undirected	8.0
-234889	66256	Undirected	8.0
-234889	71590	Undirected	6.0
-234889	-129543	Undirected	4.0
-234889	-471482	Undirected	4.0
-234889	117173	Undirected	4.0
-234889	-21575	Undirected	4.0
-234889	-188815	Undirected	4.0
-234889	56480	Undirected	5.0
-234889	-439280	Undirected	4.0
-234889	115742	Undirected	5.0
-234889	96893	Undirected	4.0
-234889	110718	Undirected	4.0
-234889	4826	Undirected	4.0
27121	-181243	Undirected	8.0
27121	-169061	Undirected	8.0
27121	55085	Undirected	8.0
27121	14726	Undirected	8.0
27121	5127	Undirected	8.0
27121	1373	Undirected	8.0
27121	101454	Undirected	8.0
27121	56751	Undirected	8.0
27121	2221	Undirected	8.0
27121	2493	Undirected	8.0
27121	125287	Undirected	8.0
27121	108100	Undirected	8.0
27121	17694	Undirected	8.0
27121	-253965	Undirected	8.0
27121	-124727	Undirected	8.0
27121	-12953	Undirected	8.0
27121	66256	Undirected	8.0
27121	71590	Undirected	6.0
27121	84313	Undirected	4.0
27121	-129543	Undirected	4.0
27121	-471482	Undirected	4.0
27121	117173	Undirected	4.0
27121	-21575	Undirected	4.0
27121	-188815	Undirected	4.0
27121	56480	Undirected	5.0
27121	-439280	Undirected	4.0
27121	115742	Undirected	5.0
27121	96893	Undirected	4.0
27121	110718	Undirected	4.0
27121	4826	Undirected	4.0
-181243	-169061	Undirected	8.0
-181243	55085	Undirected	8.0
-181243	14726	Undirected	8.0
-181243	5127	Undirected	8.0
-181243	1373	Undirected	8.0
-181243	101454	Undirected	8.0
-181243	56751	Undirected	8.0
-181243	2221	Undirected	8.0
-181243	2493	Undirected	8.0
-181243	125287	Undirected	8.0
-181243	108100	Undirected	8.0
-181243	17694	Undirected	8.0
-181243	-253965	Undirected	8.0
-181243	-124727	Undirected	8.0
-181243	-12953	Undirected	8.0
-181243	66256	Undirected	8.0
-181243	71590	Undirected	6.0
-181243	-129543	Undirected	4.0
-181243	-471482	Undirected	4.0
-181243	117173	Undirected	4.0
-181243	-21575	Undirected	4.0
-181243	-188815	Undirected	4.0
-181243	56480	Undirected	5.0
-181243	-439280	Undirected	4.0
-181243	115742	Undirected	5.0
-181243	96893	Undirected	4.0
-181243	110718	Undirected	4.0
-181243	4826	Undirected	4.0
-169061	55085	Undirected	8.0
-169061	14726	Undirected	8.0
-169061	5127	Undirected	8.0
-169061	1373	Undirected	8.0
-169061	101454	Undirected	8.0
-169061	56751	Undirected	8.0
-169061	2221	Undirected	8.0
-169061	2493	Undirected	8.0
-169061	125287	Undirected	8.0
-169061	108100	Undirected	8.0
-169061	17694	Undirected	8.0
-169061	-253965	Undirected	8.0
-169061	-124727	Undirected	8.0
-169061	-12953	Undirected	8.0
-169061	66256	Undirected	8.0
-169061	71590	Undirected	6.0
-169061	-129543	Undirected	4.0
-169061	-471482	Undirected	4.0
-169061	117173	Undirected	4.0
-169061	-21575	Undirected	4.0
-169061	-188815	Undirected	4.0
-169061	56480	Undirected	5.0
-169061	-439280	Undirected	4.0
-169061	115742	Undirected	5.0
-169061	96893	Undirected	4.0
-169061	110718	Undirected	4.0
-169061	4826	Undirected	4.0
55085	14726	Undirected	8.0
55085	5127	Undirected	8.0
55085	1373	Undirected	8.0
55085	101454	Undirected	8.0
55085	56751	Undirected	8.0
55085	2221	Undirected	8.0
55085	2493	Undirected	8.0
55085	125287	Undirected	8.0
55085	108100	Undirected	8.0
55085	17694	Undirected	8.0
55085	-253965	Undirected	8.0
55085	-124727	Undirected	8.0
55085	-12953	Undirected	8.0
55085	66256	Undirected	8.0
55085	71590	Undirected	6.0
55085	-129543	Undirected	4.0
55085	-471482	Undirected	4.0
55085	117173	Undirected	4.0
55085	-21575	Undirected	4.0
55085	-188815	Undirected	4.0
55085	56480	Undirected	5.0
55085	-439280	Undirected	4.0
55085	115742	Undirected	5.0
55085	96893	Undirected	4.0
55085	110718	Undirected	4.0
55085	4826	Undirected	4.0
14726	5127	Undirected	8.0
14726	1373	Undirected	8.0
14726	101454	Undirected	8.0
14726	56751	Undirected	8.0
14726	2221	Undirected	8.0
14726	2493	Undirected	8.0
14726	125287	Undirected	8.0
14726	108100	Undirected	8.0
14726	17694	Undirected	8.0
14726	-253965	Undirected	8.0
14726	-124727	Undirected	8.0
14726	-12953	Undirected	8.0
14726	66256	Undirected	8.0
14726	71590	Undirected	6.0
14726	84313	Undirected	4.0
14726	-129543	Undirected	4.0
14726	-471482	Undirected	4.0
14726	117173	Undirected	4.0
14726	-21575	Undirected	4.0
14726	-188815	Undirected	4.0
14726	56480	Undirected	5.0
14726	-439280	Undirected	4.0
14726	115742	Undirected	5.0
14726	96893	Undirected	4.0
14726	110718	Undirected	4.0
14726	4826	Undirected	4.0
5127	1373	Undirected	8.0
5127	101454	Undirected	8.0
5127	56751	Undirected	8.0
5127	2221	Undirected	8.0
5127	2493	Undirected	8.0
5127	125287	Undirected	8.0
5127	108100	Undirected	8.0
5127	17694	Undirected	8.0
5127	-253965	Undirected	8.0
5127	-124727	Undirected	8.0
5127	-12953	Undirected	8.0
5127	66256	Undirected	8.0
5127	71590	Undirected	6.0
5127	-129543	Undirected	4.0
5127	-471482	Undirected	4.0
5127	117173	Undirected	4.0
5127	-21575	Undirected	4.0
5127	-188815	Undirected	4.0
5127	56480	Undirected	5.0
5127	-439280	Undirected	4.0
5127	115742	Undirected	5.0
5127	96893	Undirected	4.0
5127	110718	Undirected	4.0
5127	4826	Undirected	4.0
1373	101454	Undirected	8.0
1373	56751	Undirected	8.0
1373	2221	Undirected	8.0
1373	2493	Undirected	8.0
1373	125287	Undirected	8.0
1373	108100	Undirected	8.0
1373	17694	Undirected	8.0
1373	-253965	Undirected	8.0
1373	-124727	Undirected	8.0
1373	-12953	Undirected	8.0
1373	66256	Undirected	8.0
1373	71590	Undirected	6.0
1373	-129543	Undirected	4.0
1373	-471482	Undirected	4.0
1373	117173	Undirected	4.0
1373	-21575	Undirected	4.0
1373	-188815	Undirected	4.0
1373	56480	Undirected	5.0
1373	-439280	Undirected	4.0
1373	115742	Undirected	5.0
1373	96893	Undirected	4.0
1373	110718	Undirected	4.0
1373	4826	Undirected	4.0
101454	56751	Undirected	8.0
101454	2221	Undirected	8.0
101454	2493	Undirected	8.0
101454	125287	Undirected	8.0
101454	108100	Undirected	8.0
101454	17694	Undirected	8.0
101454	-253965	Undirected	8.0
101454	-124727	Undirected	8.0
101454	-12953	Undirected	8.0
101454	66256	Undirected	8.0
101454	71590	Undirected	6.0
101454	-129543	Undirected	4.0
101454	-471482	Undirected	4.0
101454	117173	Undirected	4.0
101454	-21575	Undirected	4.0
101454	-188815	Undirected	4.0
101454	56480	Undirected	5.0
101454	-439280	Undirected	4.0
101454	115742	Undirected	5.0
101454	96893	Undirected	4.0
101454	110718	Undirected	4.0
101454	4826	Undirected	4.0
56751	2221	Undirected	8.0
56751	2493	Undirected	8.0
56751	125287	Undirected	8.0
56751	108100	Undirected	8.0
56751	17694	Undirected	8.0
56751	-253965	Undirected	8.0
56751	-124727	Undirected	8.0
56751	-12953	Undirected	8.0
56751	66256	Undirected	8.0
56751	71590	Undirected	6.0
56751	-129543	Undirected	4.0
56751	-471482	Undirected	4.0
56751	117173	Undirected	4.0
56751	-21575	Undirected	4.0
56751	-188815	Undirected	4.0
56751	56480	Undirected	5.0
56751	-439280	Undirected	4.0
56751	115742	Undirected	5.0
56751	96893	Undirected	4.0
56751	110718	Undirected	4.0
56751	4826	Undirected	4.0
2221	2493	Undirected	8.0
2221	125287	Undirected	8.0
2221	108100	Undirected	8.0
2221	17694	Undirected	8.0
2221	-253965	Undirected	8.0
2221	-124727	Undirected	8.0
2221	-12953	Undirected	8.0
2221	66256	Undirected	8.0
2221	71590	Undirected	6.0
2221	-129543	Undirected	4.0
2221	-471482	Undirected	4.0
2221	117173	Undirected	4.0
2221	-21575	Undirected	4.0
2221	-188815	Undirected	4.0
2221	56480	Undirected	5.0
2221	-439280	Undirected	4.0
2221	115742	Undirected	5.0
2221	96893	Undirected	4.0
2221	110718	Undirected	4.0
2221	4826	Undirected	4.0
2493	125287	Undirected	8.0
2493	108100	Undirected	8.0
2493	17694	Undirected	8.0
2493	-253965	Undirected	8.0
2493	-124727	Undirected	8.0
2493	-12953	Undirected	8.0
2493	66256	Undirected	8.0
2493	71590	Undirected	6.0
2493	-129543	Undirected	4.0
2493	-471482	Undirected	4.0
2493	117173	Undirected	4.0
2493	-21575	Undirected	4.0
2493	-188815	Undirected	4.0
2493	56480	Undirected	5.0
2493	-439280	Undirected	4.0
2493	115742	Undirected	5.0
2493	96893	Undirected	4.0
2493	110718	Undirected	4.0
2493	4826	Undirected	4.0
125287	108100	Undirected	8.0
125287	17694	Undirected	8.0
125287	-253965	Undirected	8.0
125287	-124727	Undirected	8.0
125287	-12953	Undirected	8.0
125287	66256	Undirected	8.0
125287	71590	Undirected	6.0
125287	-129543	Undirected	4.0
125287	-471482	Undirected	4.0
125287	117173	Undirected	4.0
125287	-21575	Undirected	4.0
125287	-188815	Undirected	4.0
125287	56480	Undirected	5.0
125287	-439280	Undirected	4.0
125287	115742	Undirected	5.0
125287	96893	Undirected	4.0
125287	110718	Undirected	4.0
125287	4826	Undirected	4.0
108100	17694	Undirected	8.0
108100	-253965	Undirected	8.0
108100	-124727	Undirected	8.0
108100	-12953	Undirected	8.0
108100	66256	Undirected	8.0
108100	71590	Undirected	6.0
108100	-129543	Undirected	4.0
108100	-471482	Undirected	4.0
108100	117173	Undirected	4.0
108100	-21575	Undirected	4.0
108100	-188815	Undirected	4.0
108100	56480	Undirected	5.0
108100	-439280	Undirected	4.0
108100	115742	Undirected	5.0
108100	96893	Undirected	4.0
108100	110718	Undirected	4.0
108100	4826	Undirected	4.0
17694	-253965	Undirected	8.0
17694	-124727	Undirected	8.0
17694	-12953	Undirected	8.0
17694	66256	Undirected	8.0
17694	71590	Undirected	6.0
17694	-129543	Undirected	4.0
17694	-471482	Undirected	4.0
17694	117173	Undirected	4.0
17694	-21575	Undirected	4.0
17694	-188815	Undirected	4.0
17694	56480	Undirected	5.0
17694	-439280	Undirected	4.0
17694	115742	Undirected	5.0
17694	96893	Undirected	4.0
17694	110718	Undirected	4.0
17694	4826	Undirected	4.0
-253965	-124727	Undirected	8.0
-253965	-12953	Undirected	8.0
-253965	66256	Undirected	8.0
-253965	71590	Undirected	6.0
-253965	-129543	Undirected	4.0
-253965	-471482	Undirected	4.0
-253965	117173	Undirected	4.0
-253965	-21575	Undirected	4.0
-253965	-188815	Undirected	4.0
-253965	56480	Undirected	5.0
-253965	-439280	Undirected	4.0
-253965	115742	Undirected	5.0
-253965	96893	Undirected	4.0
-253965	110718	Undirected	4.0
-253965	4826	Undirected	4.0
-124727	-12953	Undirected	8.0
-124727	66256	Undirected	8.0
-124727	71590	Undirected	6.0
-124727	-129543	Undirected	4.0
-124727	-471482	Undirected	4.0
-124727	117173	Undirected	4.0
-124727	-21575	Undirected	4.0
-124727	-188815	Undirected	4.0
-124727	56480	Undirected	5.0
-124727	-439280	Undirected	4.0
-124727	115742	Undirected	5.0
-124727	96893	Undirected	4.0
-124727	110718	Undirected	4.0
-124727	4826	Undirected	4.0
-12953	66256	Undirected	8.0
-12953	71590	Undirected	6.0
-12953	-129543	Undirected	4.0
-12953	-471482	Undirected	4.0
-12953	117173	Undirected	4.0
-12953	-21575	Undirected	4.0
-12953	-188815	Undirected	4.0
-12953	56480	Undirected	5.0
-12953	-439280	Undirected	4.0
-12953	115742	Undirected	5.0
-12953	96893	Undirected	4.0
-12953	110718	Undirected	4.0
-12953	4826	Undirected	4.0
66256	71590	Undirected	6.0
66256	-129543	Undirected	4.0
66256	-471482	Undirected	4.0
66256	117173	Undirected	4.0
66256	-21575	Undirected	4.0
66256	-188815	Undirected	4.0
66256	56480	Undirected	5.0
66256	-439280	Undirected	4.0
66256	115742	Undirected	5.0
66256	96893	Undirected	4.0
66256	110718	Undirected	4.0
66256	4826	Undirected	4.0
71590	56480	Undirected	4.0
71590	115742	Undirected	4.0
71590	110718	Undirected	4.0
73981	15688	Undirected	4.0
73981	29058	Undirected	5.0
73981	73975	Undirected	4.0
73981	13147	Undirected	5.0
73981	32486	Undirected	6.0
73981	85445	Undirected	5.0
73981	82989	Undirected	5.0
73981	4822	Undirected	5.0
73981	44175	Undirected	4.0
73981	1801	Undirected	4.0
73981	27310	Undirected	7.0
73981	71158	Undirected	8.0
73981	79193	Undirected	4.0
73981	-122021	Undirected	4.0
73981	41202	Undirected	4.0
73981	40395	Undirected	5.0
73981	107511	Undirected	4.0
73981	15619	Undirected	4.0
73981	17379	Undirected	5.0
73981	39752	Undirected	5.0
73981	-399202	Undirected	4.0
73981	49267	Undirected	5.0
73981	74038	Undirected	4.0
73981	16532	Undirected	6.0
73981	39238	Undirected	4.0
73981	-353649	Undirected	4.0
73981	2663	Undirected	5.0
73981	54941	Undirected	4.0
73981	99170	Undirected	5.0
73981	-420667	Undirected	5.0
73981	86007	Undirected	4.0
73981	2953	Undirected	4.0
73981	102972	Undirected	5.0
73981	34731	Undirected	4.0
73981	110062	Undirected	4.0
73981	87797	Undirected	4.0
73981	15285	Undirected	4.0
73981	-70595	Undirected	4.0
73981	60514	Undirected	4.0
73981	-517712	Undirected	4.0
73981	119191	Undirected	4.0
73981	-258455	Undirected	6.0
73981	46006	Undirected	4.0
73981	31891	Undirected	7.0
73981	41416	Undirected	4.0
73981	76723	Undirected	4.0
73981	74086	Undirected	4.0
73981	107909	Undirected	4.0
73981	95046	Undirected	5.0
73981	14082	Undirected	4.0
73981	1799	Undirected	5.0
73981	82953	Undirected	5.0
73981	72078	Undirected	4.0
73981	14479	Undirected	6.0
73981	42725	Undirected	6.0
73981	27178	Undirected	4.0
73981	85552	Undirected	4.0
73981	11678	Undirected	4.0
73981	-424369	Undirected	5.0
73981	10364	Undirected	5.0
73981	11076	Undirected	5.0
73981	113728	Undirected	6.0
73981	54286	Undirected	4.0
73981	44789	Undirected	5.0
73981	6372	Undirected	4.0
73981	-189092	Undirected	4.0
73981	10789	Undirected	4.0
73981	26910	Undirected	4.0
73981	10910	Undirected	4.0
73981	14032	Undirected	4.0
73981	45006	Undirected	7.0
73981	107644	Undirected	4.0
73981	-395356	Undirected	4.0
73981	49479	Undirected	4.0
73981	-176067	Undirected	4.0
73981	107959	Undirected	4.0
73981	68680	Undirected	4.0
73981	46239	Undirected	4.0
73981	-145946	Undirected	4.0
73981	72193	Undirected	4.0
73981	127861	Undirected	4.0
73981	-285457	Undirected	4.0
73981	9121	Undirected	5.0
73981	-167226	Undirected	4.0
73981	46177	Undirected	4.0
73981	108792	Undirected	4.0
73981	28488	Undirected	5.0
73981	-258910	Undirected	4.0
73981	5562	Undirected	4.0
73981	-423577	Undirected	4.0
73981	-250227	Undirected	4.0
73981	41801	Undirected	4.0
73981	9043	Undirected	4.0
73981	111427	Undirected	4.0
73981	27411	Undirected	4.0
15688	32486	Undirected	4.0
15688	4822	Undirected	4.0
15688	84313	Undirected	7.0
15688	-387231	Undirected	5.0
15688	32038	Undirected	4.0
15688	122272	Undirected	5.0
15688	-2886	Undirected	4.0
15688	-413931	Undirected	4.0
15688	-407759	Undirected	4.0
15688	-86618	Undirected	4.0
15688	-17480	Undirected	5.0
15688	10417	Undirected	4.0
15688	66486	Undirected	6.0
15688	90240	Undirected	4.0
15688	52947	Undirected	4.0
15688	106001	Undirected	4.0
15688	113229	Undirected	4.0
15688	-403839	Undirected	5.0
15688	-504552	Undirected	4.0
15688	-503185	Undirected	4.0
15688	-521838	Undirected	4.0
15688	76174	Undirected	4.0
15688	29862	Undirected	4.0
15688	125669	Undirected	5.0
15688	1488	Undirected	5.0
15688	29307	Undirected	4.0
15688	-283417	Undirected	4.0
15688	12495	Undirected	4.0
15688	115093	Undirected	5.0
15688	10387	Undirected	4.0
15688	76625	Undirected	4.0
15688	95298	Undirected	4.0
15688	-413886	Undirected	5.0
15688	-304040	Undirected	5.0
15688	29766	Undirected	6.0
15688	84353	Undirected	5.0
15688	-84373	Undirected	5.0
15688	44245	Undirected	5.0
15688	4049	Undirected	4.0
15688	110493	Undirected	4.0
15688	117687	Undirected	4.0
15688	43613	Undirected	4.0
15688	-412209	Undirected	4.0
15688	75481	Undirected	4.0
15688	-116873	Undirected	4.0
15688	74172	Undirected	5.0
94723	-122021	Undirected	5.0
94723	17379	Undirected	5.0
94723	49267	Undirected	4.0
94723	99170	Undirected	4.0
94723	82960	Undirected	4.0
94723	97323	Undirected	4.0
94723	8919	Undirected	4.0
94723	36103	Undirected	4.0
94723	-254854	Undirected	4.0
94723	6475	Undirected	4.0
94723	44916	Undirected	4.0
94723	-108315	Undirected	4.0
94723	14540	Undirected	4.0
94723	115831	Undirected	4.0
94723	-93913	Undirected	4.0
94723	-90293	Undirected	5.0
94723	-415585	Undirected	4.0
29058	73975	Undirected	4.0
29058	13147	Undirected	7.0
29058	32486	Undirected	7.0
29058	85445	Undirected	7.0
29058	82989	Undirected	7.0
29058	38932	Undirected	5.0
29058	7270	Undirected	5.0
29058	4822	Undirected	4.0
29058	107511	Undirected	4.0
29058	15619	Undirected	4.0
29058	80064	Undirected	4.0
29058	17379	Undirected	4.0
29058	79372	Undirected	4.0
29058	-353649	Undirected	4.0
29058	113728	Undirected	4.0
29058	54286	Undirected	4.0
29058	17349	Undirected	4.0
29058	99939	Undirected	5.0
29058	70023	Undirected	5.0
29058	14032	Undirected	5.0
29058	107644	Undirected	5.0
29058	-395356	Undirected	5.0
29058	49479	Undirected	5.0
29058	-176067	Undirected	5.0
29058	21343	Undirected	4.0
29058	107959	Undirected	5.0
29058	68680	Undirected	5.0
29058	-399342	Undirected	4.0
29058	9121	Undirected	4.0
73975	13147	Undirected	4.0
73975	32486	Undirected	4.0
73975	85445	Undirected	4.0
73975	82989	Undirected	4.0
13147	32486	Undirected	7.0
13147	85445	Undirected	7.0
13147	82989	Undirected	7.0
13147	38932	Undirected	5.0
13147	7270	Undirected	5.0
13147	4822	Undirected	4.0
13147	107511	Undirected	4.0
13147	15619	Undirected	4.0
13147	80064	Undirected	4.0
13147	79372	Undirected	4.0
13147	-353649	Undirected	4.0
13147	113728	Undirected	4.0
13147	54286	Undirected	4.0
13147	17349	Undirected	4.0
13147	99939	Undirected	5.0
13147	70023	Undirected	5.0
13147	14032	Undirected	5.0
13147	107644	Undirected	5.0
13147	-395356	Undirected	5.0
13147	49479	Undirected	5.0
13147	-176067	Undirected	5.0
13147	21343	Undirected	4.0
13147	107959	Undirected	5.0
13147	68680	Undirected	5.0
13147	-399342	Undirected	4.0
13147	9121	Undirected	4.0
32486	85445	Undirected	7.0
32486	82989	Undirected	7.0
32486	38932	Undirected	5.0
32486	7270	Undirected	5.0
32486	4822	Undirected	5.0
32486	27310	Undirected	4.0
32486	71158	Undirected	4.0
32486	79193	Undirected	4.0
32486	40395	Undirected	4.0
32486	107511	Undirected	4.0
32486	15619	Undirected	4.0
32486	80064	Undirected	4.0
32486	17379	Undirected	5.0
32486	49267	Undirected	4.0
32486	79372	Undirected	4.0
32486	74038	Undirected	4.0
32486	-353649	Undirected	4.0
32486	2663	Undirected	4.0
32486	113728	Undirected	4.0
32486	54286	Undirected	4.0
32486	44789	Undirected	5.0
32486	17349	Undirected	4.0
32486	99939	Undirected	5.0
32486	70023	Undirected	5.0
32486	14032	Undirected	5.0
32486	45006	Undirected	5.0
32486	107644	Undirected	5.0
32486	-395356	Undirected	5.0
32486	49479	Undirected	5.0
32486	-176067	Undirected	5.0
32486	21343	Undirected	4.0
32486	107959	Undirected	5.0
32486	68680	Undirected	5.0
32486	-185356	Undirected	4.0
32486	-227807	Undirected	4.0
32486	-399342	Undirected	4.0
32486	9121	Undirected	5.0
85445	82989	Undirected	7.0
85445	38932	Undirected	5.0
85445	7270	Undirected	5.0
85445	4822	Undirected	4.0
85445	107511	Undirected	4.0
85445	15619	Undirected	4.0
85445	80064	Undirected	4.0
85445	79372	Undirected	4.0
85445	-353649	Undirected	4.0
85445	113728	Undirected	4.0
85445	54286	Undirected	4.0
85445	17349	Undirected	4.0
85445	99939	Undirected	5.0
85445	70023	Undirected	5.0
85445	14032	Undirected	5.0
85445	107644	Undirected	5.0
85445	-395356	Undirected	5.0
85445	49479	Undirected	5.0
85445	-176067	Undirected	5.0
85445	21343	Undirected	4.0
85445	107959	Undirected	5.0
85445	68680	Undirected	5.0
85445	-399342	Undirected	4.0
85445	9121	Undirected	4.0
82989	38932	Undirected	5.0
82989	7270	Undirected	5.0
82989	4822	Undirected	4.0
82989	107511	Undirected	4.0
82989	15619	Undirected	4.0
82989	80064	Undirected	4.0
82989	79372	Undirected	4.0
82989	-353649	Undirected	4.0
82989	113728	Undirected	4.0
82989	54286	Undirected	4.0
82989	17349	Undirected	4.0
82989	99939	Undirected	5.0
82989	70023	Undirected	5.0
82989	14032	Undirected	5.0
82989	107644	Undirected	5.0
82989	-395356	Undirected	5.0
82989	49479	Undirected	5.0
82989	-176067	Undirected	5.0
82989	21343	Undirected	4.0
82989	107959	Undirected	5.0
82989	68680	Undirected	5.0
82989	-399342	Undirected	4.0
82989	9121	Undirected	4.0
-460507	71158	Undirected	4.0
-460507	46911	Undirected	4.0
38932	7270	Undirected	7.0
38932	48497	Undirected	4.0
38932	-408323	Undirected	4.0
38932	-409272	Undirected	4.0
38932	54286	Undirected	4.0
38932	14032	Undirected	4.0
38932	68680	Undirected	4.0
38932	9121	Undirected	5.0
38932	37119	Undirected	5.0
7270	48497	Undirected	4.0
7270	-408323	Undirected	4.0
7270	-409272	Undirected	4.0
7270	54286	Undirected	4.0
7270	14032	Undirected	4.0
7270	68680	Undirected	4.0
7270	9121	Undirected	5.0
7270	37119	Undirected	5.0
38712	107511	Undirected	4.0
38712	17379	Undirected	4.0
38712	39752	Undirected	4.0
38712	49267	Undirected	4.0
38712	-408323	Undirected	4.0
38712	99170	Undirected	4.0
38712	68130	Undirected	4.0
110695	53062	Undirected	11.0
110695	-222675	Undirected	8.0
110695	39898	Undirected	4.0
110695	38677	Undirected	5.0
110695	3323	Undirected	4.0
110695	104093	Undirected	5.0
110695	25203	Undirected	4.0
110695	-21184	Undirected	4.0
110695	30452	Undirected	6.0
110695	89149	Undirected	6.0
110695	46741	Undirected	6.0
110695	79518	Undirected	6.0
110695	92027	Undirected	4.0
110695	61980	Undirected	4.0
110695	115982	Undirected	4.0
110695	66455	Undirected	4.0
110695	69545	Undirected	4.0
53062	-222675	Undirected	8.0
53062	39898	Undirected	4.0
53062	38677	Undirected	6.0
53062	68984	Undirected	6.0
53062	-3155	Undirected	6.0
53062	84313	Undirected	4.0
53062	3323	Undirected	5.0
53062	104093	Undirected	5.0
53062	25203	Undirected	5.0
53062	-21184	Undirected	5.0
53062	54523	Undirected	4.0
53062	83430	Undirected	4.0
53062	77032	Undirected	4.0
53062	-223180	Undirected	4.0
53062	98121	Undirected	4.0
53062	30452	Undirected	7.0
53062	89149	Undirected	11.0
53062	46741	Undirected	11.0
53062	79518	Undirected	11.0
53062	62200	Undirected	4.0
53062	4267	Undirected	4.0
53062	109273	Undirected	4.0
53062	42685	Undirected	5.0
53062	-13260	Undirected	4.0
53062	-471482	Undirected	4.0
53062	92027	Undirected	4.0
53062	40650	Undirected	4.0
53062	-198820	Undirected	4.0
53062	-395121	Undirected	4.0
53062	-25307	Undirected	4.0
53062	-111157	Undirected	4.0
53062	-6882	Undirected	4.0
53062	93053	Undirected	4.0
53062	-40448	Undirected	4.0
53062	-30909	Undirected	4.0
53062	-49749	Undirected	4.0
53062	57752	Undirected	4.0
53062	118024	Undirected	4.0
53062	-440293	Undirected	4.0
53062	21727	Undirected	4.0
53062	114123	Undirected	4.0
53062	-448598	Undirected	4.0
53062	-441051	Undirected	4.0
53062	-246854	Undirected	4.0
53062	32178	Undirected	4.0
53062	106640	Undirected	4.0
53062	82103	Undirected	4.0
53062	29823	Undirected	4.0
53062	-429174	Undirected	4.0
53062	-116491	Undirected	4.0
53062	74829	Undirected	4.0
53062	61980	Undirected	4.0
53062	115982	Undirected	4.0
53062	66455	Undirected	4.0
53062	69545	Undirected	4.0
-222675	39898	Undirected	4.0
-222675	38677	Undirected	4.0
-222675	3323	Undirected	4.0
-222675	104093	Undirected	5.0
-222675	30452	Undirected	4.0
-222675	89149	Undirected	6.0
-222675	46741	Undirected	6.0
-222675	79518	Undirected	6.0
37692	13540	Undirected	4.0
37692	51807	Undirected	5.0
37692	40357	Undirected	5.0
37692	44695	Undirected	5.0
37692	109724	Undirected	5.0
37692	31886	Undirected	5.0
37692	12687	Undirected	5.0
37692	37401	Undirected	4.0
37692	35937	Undirected	4.0
37692	3618	Undirected	4.0
37692	93129	Undirected	4.0
37692	89280	Undirected	4.0
37692	55324	Undirected	4.0
37692	-297874	Undirected	4.0
4822	79193	Undirected	4.0
4822	40395	Undirected	6.0
4822	17379	Undirected	4.0
4822	39752	Undirected	4.0
4822	-399202	Undirected	4.0
4822	49267	Undirected	4.0
4822	-353649	Undirected	4.0
4822	31891	Undirected	5.0
4822	95046	Undirected	4.0
4822	44789	Undirected	4.0
4822	45006	Undirected	4.0
4822	7021	Undirected	4.0
4822	17558	Undirected	4.0
4822	108792	Undirected	4.0
4822	16252	Undirected	4.0
4822	-422664	Undirected	4.0
44175	45941	Undirected	6.0
44175	16172	Undirected	5.0
44175	1801	Undirected	7.0
44175	27310	Undirected	10.0
44175	16509	Undirected	6.0
44175	71158	Undirected	8.0
44175	29187	Undirected	5.0
44175	41202	Undirected	4.0
44175	8417	Undirected	7.0
44175	10612	Undirected	4.0
44175	27588	Undirected	4.0
44175	44531	Undirected	6.0
44175	14115	Undirected	6.0
44175	12308	Undirected	6.0
44175	116932	Undirected	5.0
44175	16932	Undirected	4.0
44175	119760	Undirected	4.0
44175	52001	Undirected	4.0
44175	106997	Undirected	4.0
44175	39006	Undirected	5.0
44175	1799	Undirected	4.0
44175	97323	Undirected	4.0
44175	-94516	Undirected	5.0
44175	94773	Undirected	5.0
44175	46217	Undirected	4.0
44175	-486867	Undirected	4.0
44175	-188962	Undirected	4.0
44175	46128	Undirected	7.0
44175	8465	Undirected	6.0
44175	50579	Undirected	6.0
44175	13368	Undirected	6.0
44175	16880	Undirected	6.0
44175	4553	Undirected	6.0
44175	74102	Undirected	5.0
44175	-258910	Undirected	4.0
44175	82833	Undirected	4.0
44175	13330	Undirected	4.0
44175	37881	Undirected	4.0
44175	94859	Undirected	5.0
44175	123469	Undirected	4.0
44175	-120856	Undirected	4.0
44175	43826	Undirected	4.0
44175	-468308	Undirected	4.0
45941	16172	Undirected	5.0
45941	1801	Undirected	6.0
45941	27310	Undirected	6.0
45941	16509	Undirected	5.0
45941	71158	Undirected	6.0
45941	29187	Undirected	5.0
45941	40395	Undirected	4.0
45941	14115	Undirected	4.0
45941	12308	Undirected	4.0
45941	116932	Undirected	4.0
45941	16932	Undirected	4.0
45941	119760	Undirected	4.0
45941	1799	Undirected	4.0
45941	111741	Undirected	4.0
45941	74102	Undirected	5.0
45941	-258910	Undirected	4.0
45941	44932	Undirected	4.0
45941	-240050	Undirected	5.0
45941	13096	Undirected	4.0
45941	-159795	Undirected	4.0
45941	-462639	Undirected	4.0
16172	1801	Undirected	5.0
16172	27310	Undirected	5.0
16172	16509	Undirected	5.0
16172	71158	Undirected	5.0
16172	29187	Undirected	5.0
1801	27310	Undirected	7.0
1801	16509	Undirected	6.0
1801	71158	Undirected	8.0
1801	29187	Undirected	5.0
1801	8417	Undirected	4.0
1801	-178209	Undirected	4.0
1801	10612	Undirected	5.0
1801	-163375	Undirected	4.0
1801	27588	Undirected	4.0
1801	126978	Undirected	4.0
1801	44531	Undirected	4.0
1801	14115	Undirected	4.0
1801	12308	Undirected	4.0
1801	116932	Undirected	4.0
1801	16932	Undirected	4.0
1801	119760	Undirected	4.0
1801	46128	Undirected	4.0
1801	50579	Undirected	4.0
1801	74102	Undirected	5.0
1801	-258910	Undirected	4.0
27310	16509	Undirected	6.0
27310	71158	Undirected	11.0
27310	29187	Undirected	5.0
27310	41202	Undirected	5.0
27310	40395	Undirected	4.0
27310	8417	Undirected	8.0
27310	10612	Undirected	4.0
27310	27588	Undirected	5.0
27310	74038	Undirected	4.0
27310	44531	Undirected	7.0
27310	14115	Undirected	6.0
27310	12308	Undirected	6.0
27310	116932	Undirected	5.0
27310	16932	Undirected	4.0
27310	119760	Undirected	4.0
27310	52001	Undirected	4.0
27310	106997	Undirected	4.0
27310	39006	Undirected	5.0
27310	1799	Undirected	4.0
27310	97323	Undirected	4.0
27310	-94516	Undirected	5.0
27310	94773	Undirected	5.0
27310	46217	Undirected	4.0
27310	-486867	Undirected	4.0
27310	-188962	Undirected	4.0
27310	46128	Undirected	7.0
27310	8465	Undirected	6.0
27310	50579	Undirected	6.0
27310	13368	Undirected	6.0
27310	16880	Undirected	6.0
27310	4553	Undirected	6.0
27310	74102	Undirected	5.0
27310	-258910	Undirected	4.0
27310	82833	Undirected	4.0
27310	13330	Undirected	4.0
27310	37881	Undirected	4.0
27310	94859	Undirected	5.0
27310	123469	Undirected	4.0
27310	-120856	Undirected	4.0
27310	43826	Undirected	4.0
27310	-468308	Undirected	4.0
16509	71158	Undirected	7.0
16509	29187	Undirected	5.0
71158	29187	Undirected	5.0
71158	46911	Undirected	4.0
71158	41202	Undirected	4.0
71158	40395	Undirected	4.0
71158	8417	Undirected	6.0
71158	68984	Undirected	4.0
71158	-178209	Undirected	4.0
71158	10612	Undirected	5.0
71158	-163375	Undirected	4.0
71158	27588	Undirected	5.0
71158	126978	Undirected	4.0
71158	39752	Undirected	4.0
71158	74038	Undirected	4.0
71158	470	Undirected	4.0
71158	44531	Undirected	7.0
71158	14115	Undirected	4.0
71158	12308	Undirected	4.0
71158	116932	Undirected	4.0
71158	16932	Undirected	4.0
71158	119760	Undirected	4.0
71158	1799	Undirected	4.0
71158	-431422	Undirected	4.0
71158	46128	Undirected	5.0
71158	8465	Undirected	4.0
71158	50579	Undirected	5.0
71158	13368	Undirected	4.0
71158	16880	Undirected	4.0
71158	4553	Undirected	4.0
71158	74102	Undirected	5.0
71158	-211119	Undirected	5.0
71158	-258910	Undirected	5.0
71158	29633	Undirected	5.0
71158	17160	Undirected	4.0
79193	40395	Undirected	4.0
79193	17379	Undirected	4.0
39898	104093	Undirected	4.0
38677	68984	Undirected	4.0
38677	3323	Undirected	4.0
38677	17379	Undirected	5.0
38677	39752	Undirected	5.0
38677	49267	Undirected	5.0
38677	470	Undirected	4.0
38677	62200	Undirected	5.0
38677	4267	Undirected	4.0
38677	109273	Undirected	4.0
38677	46006	Undirected	4.0
101427	-193742	Undirected	4.0
13385	10115	Undirected	4.0
13385	20508	Undirected	4.0
13385	53039	Undirected	4.0
13385	8964	Undirected	4.0
13385	94512	Undirected	4.0
13385	-218517	Undirected	4.0
13385	-214628	Undirected	4.0
13385	5533	Undirected	4.0
-122021	40395	Undirected	4.0
-122021	17379	Undirected	5.0
-122021	-399202	Undirected	4.0
-122021	49267	Undirected	4.0
-122021	82960	Undirected	4.0
-122021	97323	Undirected	4.0
-122021	8919	Undirected	4.0
-122021	36103	Undirected	4.0
-122021	-254854	Undirected	4.0
-122021	6475	Undirected	4.0
-122021	44916	Undirected	4.0
-122021	-108315	Undirected	4.0
-122021	14540	Undirected	4.0
-122021	115831	Undirected	4.0
-122021	-93913	Undirected	4.0
-122021	-90293	Undirected	4.0
-122021	-415585	Undirected	4.0
46911	-490657	Undirected	4.0
46911	8417	Undirected	4.0
46911	-100027	Undirected	4.0
46911	17379	Undirected	4.0
46911	39752	Undirected	4.0
46911	49267	Undirected	4.0
-490657	8417	Undirected	4.0
-490657	-100027	Undirected	4.0
41202	40395	Undirected	7.0
41202	8417	Undirected	5.0
41202	10612	Undirected	4.0
41202	27588	Undirected	5.0
41202	17379	Undirected	4.0
41202	39752	Undirected	4.0
41202	-183025	Undirected	4.0
41202	44531	Undirected	4.0
41202	14115	Undirected	5.0
41202	12308	Undirected	5.0
41202	116932	Undirected	5.0
41202	16932	Undirected	4.0
41202	102972	Undirected	4.0
41202	87797	Undirected	4.0
41202	46006	Undirected	4.0
41202	52001	Undirected	4.0
41202	106997	Undirected	4.0
41202	95046	Undirected	4.0
41202	39006	Undirected	4.0
41202	1799	Undirected	4.0
41202	82953	Undirected	4.0
41202	42725	Undirected	5.0
41202	45311	Undirected	5.0
41202	-486867	Undirected	4.0
41202	-366390	Undirected	4.0
41202	27648	Undirected	5.0
41202	46128	Undirected	5.0
41202	50579	Undirected	4.0
41202	82833	Undirected	4.0
41202	13330	Undirected	4.0
41202	37881	Undirected	4.0
41202	94859	Undirected	4.0
41202	-240050	Undirected	4.0
41202	13096	Undirected	4.0
41202	9043	Undirected	4.0
41202	111427	Undirected	4.0
41202	-159795	Undirected	4.0
41202	10928	Undirected	4.0
41202	43826	Undirected	5.0
41202	-10819	Undirected	5.0
41202	107535	Undirected	6.0
41202	12208	Undirected	5.0
41202	17757	Undirected	4.0
41202	-165020	Undirected	4.0
41202	-490603	Undirected	4.0
41202	6534	Undirected	4.0
40395	8417	Undirected	4.0
40395	27588	Undirected	4.0
40395	17379	Undirected	5.0
40395	39752	Undirected	6.0
40395	-399202	Undirected	5.0
40395	49267	Undirected	4.0
40395	-183025	Undirected	4.0
40395	44531	Undirected	4.0
40395	14115	Undirected	4.0
40395	12308	Undirected	4.0
40395	110062	Undirected	5.0
40395	32110	Undirected	5.0
40395	15984	Undirected	4.0
40395	119191	Undirected	4.0
40395	46006	Undirected	5.0
40395	76548	Undirected	4.0
40395	5103	Undirected	4.0
40395	17375	Undirected	5.0
40395	68917	Undirected	4.0
40395	52001	Undirected	4.0
40395	79834	Undirected	4.0
40395	31891	Undirected	6.0
40395	56409	Undirected	4.0
40395	95046	Undirected	6.0
40395	40140	Undirected	4.0
40395	54110	Undirected	4.0
40395	1799	Undirected	5.0
40395	82953	Undirected	5.0
40395	93226	Undirected	4.0
40395	-23413	Undirected	4.0
40395	14479	Undirected	5.0
40395	42725	Undirected	5.0
40395	36103	Undirected	5.0
40395	14540	Undirected	4.0
40395	-93913	Undirected	4.0
40395	-415585	Undirected	4.0
40395	-189092	Undirected	4.0
40395	10789	Undirected	4.0
40395	45006	Undirected	4.0
40395	72193	Undirected	4.0
40395	100624	Undirected	4.0
40395	12945	Undirected	5.0
40395	73642	Undirected	4.0
40395	53013	Undirected	4.0
40395	81738	Undirected	4.0
40395	-167226	Undirected	4.0
40395	46177	Undirected	5.0
40395	112671	Undirected	5.0
40395	-486867	Undirected	4.0
40395	-401501	Undirected	4.0
40395	61977	Undirected	4.0
40395	37796	Undirected	4.0
40395	-198610	Undirected	4.0
40395	27204	Undirected	4.0
40395	-295071	Undirected	4.0
40395	7021	Undirected	4.0
40395	-366390	Undirected	6.0
40395	17558	Undirected	6.0
40395	-123003	Undirected	4.0
40395	111741	Undirected	5.0
40395	273	Undirected	4.0
40395	108792	Undirected	5.0
40395	16252	Undirected	4.0
40395	80862	Undirected	4.0
40395	27648	Undirected	6.0
40395	9602	Undirected	4.0
40395	28488	Undirected	4.0
40395	74102	Undirected	4.0
40395	-258910	Undirected	4.0
40395	13851	Undirected	4.0
40395	117015	Undirected	4.0
40395	-537220	Undirected	4.0
40395	5562	Undirected	5.0
40395	82965	Undirected	4.0
40395	32176	Undirected	4.0
40395	-423577	Undirected	5.0
40395	44932	Undirected	4.0
40395	-250227	Undirected	5.0
40395	-240050	Undirected	5.0
40395	13096	Undirected	5.0
40395	41801	Undirected	5.0
40395	9043	Undirected	4.0
40395	111427	Undirected	4.0
40395	102002	Undirected	4.0
40395	27411	Undirected	4.0
40395	-107177	Undirected	4.0
40395	-159795	Undirected	5.0
40395	-422664	Undirected	4.0
40395	78648	Undirected	4.0
40395	47424	Undirected	4.0
40395	-10819	Undirected	4.0
40395	107535	Undirected	4.0
40395	-133775	Undirected	4.0
40395	-111019	Undirected	4.0
40395	-88630	Undirected	4.0
40395	99913	Undirected	4.0
40395	-189602	Undirected	4.0
40395	54239	Undirected	5.0
40395	17757	Undirected	4.0
40395	-165020	Undirected	5.0
40395	-490603	Undirected	4.0
40395	32006	Undirected	5.0
40395	6534	Undirected	6.0
40395	-462639	Undirected	5.0
40395	58296	Undirected	4.0
40395	5587	Undirected	4.0
40395	18960	Undirected	4.0
40395	-297059	Undirected	4.0
8417	-100027	Undirected	4.0
8417	27588	Undirected	5.0
8417	44531	Undirected	6.0
8417	14115	Undirected	4.0
8417	12308	Undirected	4.0
8417	52001	Undirected	4.0
8417	39006	Undirected	4.0
8417	97323	Undirected	4.0
8417	-94516	Undirected	4.0
8417	94773	Undirected	4.0
8417	-486867	Undirected	4.0
8417	-188962	Undirected	4.0
8417	46128	Undirected	6.0
8417	8465	Undirected	6.0
8417	50579	Undirected	6.0
8417	13368	Undirected	6.0
8417	16880	Undirected	6.0
8417	4553	Undirected	6.0
8417	74102	Undirected	4.0
8417	94859	Undirected	4.0
8417	123469	Undirected	4.0
8417	-120856	Undirected	4.0
8417	43826	Undirected	4.0
8417	-468308	Undirected	4.0
-417600	107511	Undirected	5.0
-417600	17379	Undirected	4.0
-417600	49267	Undirected	4.0
-417600	-408323	Undirected	4.0
-417600	2663	Undirected	4.0
-417600	99170	Undirected	4.0
-417600	82953	Undirected	4.0
-417600	-401170	Undirected	4.0
107511	17379	Undirected	5.0
107511	49267	Undirected	4.0
107511	-408323	Undirected	5.0
107511	-409272	Undirected	4.0
107511	2663	Undirected	7.0
107511	99170	Undirected	6.0
107511	86007	Undirected	4.0
107511	102972	Undirected	6.0
107511	110062	Undirected	4.0
107511	14056	Undirected	5.0
107511	56833	Undirected	4.0
107511	8058	Undirected	4.0
107511	74086	Undirected	6.0
107511	68130	Undirected	4.0
107511	82953	Undirected	5.0
107511	8719	Undirected	4.0
107511	44380	Undirected	4.0
107511	93226	Undirected	4.0
107511	45812	Undirected	4.0
107511	14479	Undirected	4.0
107511	27178	Undirected	5.0
107511	85552	Undirected	5.0
107511	10364	Undirected	4.0
107511	-447980	Undirected	4.0
107511	10789	Undirected	6.0
107511	-401170	Undirected	5.0
107511	2132	Undirected	4.0
107511	90652	Undirected	4.0
107511	27648	Undirected	4.0
107511	-391743	Undirected	4.0
107511	44683	Undirected	4.0
107511	78648	Undirected	4.0
107511	-128137	Undirected	4.0
68984	-196849	Undirected	4.0
68984	-3155	Undirected	9.0
68984	-77944	Undirected	4.0
68984	-16897	Undirected	4.0
68984	118697	Undirected	4.0
68984	84313	Undirected	4.0
68984	17379	Undirected	4.0
68984	126042	Undirected	4.0
68984	44531	Undirected	4.0
68984	68959	Undirected	4.0
68984	89149	Undirected	4.0
68984	46741	Undirected	4.0
68984	79518	Undirected	5.0
68984	62200	Undirected	4.0
68984	32110	Undirected	5.0
68984	-139467	Undirected	5.0
68984	16199	Undirected	6.0
68984	15984	Undirected	5.0
68984	-70595	Undirected	6.0
68984	60514	Undirected	6.0
68984	116954	Undirected	5.0
68984	-517712	Undirected	5.0
68984	119191	Undirected	4.0
68984	46006	Undirected	4.0
68984	3247	Undirected	5.0
68984	28648	Undirected	5.0
68984	17347	Undirected	5.0
68984	7905	Undirected	5.0
68984	118997	Undirected	5.0
68984	34035	Undirected	5.0
68984	125468	Undirected	5.0
68984	-213750	Undirected	4.0
68984	24520	Undirected	4.0
68984	-99150	Undirected	5.0
68984	35749	Undirected	4.0
68984	118330	Undirected	4.0
68984	-17244	Undirected	5.0
68984	-420903	Undirected	5.0
68984	42685	Undirected	4.0
68984	117583	Undirected	4.0
68984	-426035	Undirected	4.0
68984	48095	Undirected	4.0
-196849	-3155	Undirected	4.0
-196849	-77944	Undirected	4.0
-196849	-16897	Undirected	4.0
-196849	118697	Undirected	4.0
-196849	84313	Undirected	4.0
-3155	-77944	Undirected	4.0
-3155	-16897	Undirected	4.0
-3155	118697	Undirected	4.0
-3155	84313	Undirected	4.0
-3155	89149	Undirected	4.0
-3155	46741	Undirected	4.0
-3155	79518	Undirected	4.0
-3155	32110	Undirected	5.0
-3155	-139467	Undirected	5.0
-3155	16199	Undirected	6.0
-3155	15984	Undirected	5.0
-3155	-70595	Undirected	6.0
-3155	60514	Undirected	6.0
-3155	116954	Undirected	5.0
-3155	-517712	Undirected	5.0
-77944	-16897	Undirected	4.0
-77944	118697	Undirected	4.0
-77944	84313	Undirected	4.0
-16897	118697	Undirected	4.0
-16897	84313	Undirected	4.0
118697	84313	Undirected	4.0
84313	41809	Undirected	4.0
84313	77032	Undirected	5.0
84313	-129543	Undirected	4.0
84313	-387231	Undirected	5.0
84313	98328	Undirected	4.0
84313	61394	Undirected	4.0
84313	32038	Undirected	7.0
84313	122272	Undirected	6.0
84313	-2886	Undirected	5.0
84313	-413931	Undirected	5.0
84313	112609	Undirected	5.0
84313	-407759	Undirected	5.0
84313	-86618	Undirected	5.0
84313	-17480	Undirected	6.0
84313	10417	Undirected	4.0
84313	66486	Undirected	6.0
84313	90240	Undirected	4.0
84313	52947	Undirected	4.0
84313	106001	Undirected	4.0
84313	113229	Undirected	4.0
84313	-403839	Undirected	5.0
84313	-504552	Undirected	4.0
84313	-503185	Undirected	4.0
84313	-521838	Undirected	4.0
84313	80313	Undirected	4.0
84313	71248	Undirected	5.0
84313	29862	Undirected	5.0
84313	125669	Undirected	7.0
84313	61541	Undirected	5.0
84313	1488	Undirected	7.0
84313	29307	Undirected	6.0
84313	49138	Undirected	4.0
84313	52422	Undirected	4.0
84313	-17448	Undirected	4.0
84313	6610	Undirected	4.0
84313	22235	Undirected	4.0
84313	109935	Undirected	5.0
84313	127556	Undirected	4.0
84313	-283417	Undirected	6.0
84313	61354	Undirected	5.0
84313	104689	Undirected	4.0
84313	71185	Undirected	5.0
84313	-255930	Undirected	5.0
84313	12495	Undirected	4.0
84313	53920	Undirected	4.0
84313	-11556	Undirected	4.0
84313	115093	Undirected	4.0
84313	57066	Undirected	4.0
84313	68959	Undirected	4.0
84313	10387	Undirected	7.0
84313	76625	Undirected	5.0
84313	-418321	Undirected	4.0
84313	4468	Undirected	4.0
84313	13520	Undirected	6.0
84313	-373614	Undirected	4.0
84313	-389788	Undirected	4.0
84313	-398594	Undirected	4.0
84313	-413184	Undirected	4.0
84313	-120370	Undirected	4.0
84313	-116694	Undirected	5.0
84313	-15330	Undirected	5.0
84313	-14717	Undirected	5.0
84313	-15488	Undirected	4.0
84313	-15310	Undirected	4.0
84313	1219	Undirected	5.0
84313	95298	Undirected	5.0
84313	5628	Undirected	4.0
84313	109944	Undirected	5.0
84313	-413886	Undirected	7.0
84313	-304040	Undirected	4.0
84313	29766	Undirected	5.0
84313	-223180	Undirected	4.0
84313	106527	Undirected	4.0
84313	84353	Undirected	6.0
84313	-84373	Undirected	4.0
84313	44245	Undirected	5.0
84313	4049	Undirected	5.0
84313	110493	Undirected	4.0
84313	105984	Undirected	4.0
84313	12295	Undirected	4.0
84313	-456155	Undirected	4.0
84313	3618	Undirected	4.0
84313	34988	Undirected	4.0
84313	95645	Undirected	4.0
84313	44685	Undirected	4.0
84313	9858	Undirected	4.0
84313	41081	Undirected	4.0
84313	794	Undirected	4.0
84313	-395173	Undirected	4.0
84313	-124855	Undirected	4.0
84313	-193724	Undirected	4.0
84313	16055	Undirected	4.0
84313	117687	Undirected	5.0
84313	-282642	Undirected	4.0
84313	-249870	Undirected	4.0
84313	56494	Undirected	4.0
84313	43613	Undirected	5.0
84313	-412209	Undirected	5.0
84313	-116561	Undirected	4.0
84313	82502	Undirected	4.0
84313	73961	Undirected	4.0
84313	112700	Undirected	4.0
84313	75481	Undirected	5.0
84313	-504137	Undirected	4.0
84313	-116873	Undirected	5.0
84313	36903	Undirected	4.0
84313	101281	Undirected	5.0
84313	48889	Undirected	4.0
84313	-437916	Undirected	5.0
84313	23398	Undirected	4.0
84313	36017	Undirected	4.0
84313	74172	Undirected	5.0
84313	-467365	Undirected	4.0
84313	36281	Undirected	4.0
84313	46173	Undirected	4.0
84313	74448	Undirected	4.0
84313	65739	Undirected	4.0
84313	13969	Undirected	4.0
84313	-421541	Undirected	4.0
3323	104093	Undirected	4.0
3323	16532	Undirected	4.0
3323	98121	Undirected	4.0
3323	89149	Undirected	4.0
3323	46741	Undirected	4.0
3323	79518	Undirected	4.0
104093	89149	Undirected	4.0
104093	46741	Undirected	4.0
104093	79518	Undirected	4.0
-178209	10612	Undirected	4.0
-178209	-163375	Undirected	4.0
-178209	126978	Undirected	4.0
10612	-163375	Undirected	4.0
10612	27588	Undirected	4.0
10612	126978	Undirected	4.0
10612	50450	Undirected	4.0
10612	14115	Undirected	4.0
10612	27824	Undirected	4.0
10612	2212	Undirected	5.0
10612	1080	Undirected	5.0
10612	45632	Undirected	5.0
10612	106698	Undirected	5.0
10612	67074	Undirected	5.0
10612	46128	Undirected	4.0
10612	-200461	Undirected	4.0
10612	11965	Undirected	4.0
10612	7956	Undirected	4.0
10612	12101	Undirected	4.0
41809	44531	Undirected	4.0
-163375	126978	Undirected	4.0
-163375	44531	Undirected	4.0
-163375	50579	Undirected	4.0
27588	46128	Undirected	4.0
27588	74102	Undirected	4.0
17379	73419	Undirected	8.0
17379	39752	Undirected	14.0
17379	-399202	Undirected	8.0
17379	49267	Undirected	18.0
17379	-391866	Undirected	5.0
17379	126042	Undirected	4.0
17379	84605	Undirected	4.0
17379	16532	Undirected	4.0
17379	48362	Undirected	4.0
17379	-407925	Undirected	4.0
17379	470	Undirected	4.0
17379	-409272	Undirected	4.0
17379	-183025	Undirected	4.0
17379	49257	Undirected	4.0
17379	2663	Undirected	8.0
17379	99170	Undirected	8.0
17379	-420667	Undirected	5.0
17379	86007	Undirected	5.0
17379	102972	Undirected	6.0
17379	6220	Undirected	4.0
17379	78969	Undirected	4.0
17379	110062	Undirected	4.0
17379	87797	Undirected	5.0
17379	56833	Undirected	4.0
17379	62200	Undirected	6.0
17379	4267	Undirected	5.0
17379	109273	Undirected	5.0
17379	115867	Undirected	12.0
17379	119191	Undirected	6.0
17379	-230755	Undirected	4.0
17379	72178	Undirected	4.0
17379	434	Undirected	4.0
17379	-258455	Undirected	4.0
17379	17189	Undirected	4.0
17379	-210558	Undirected	4.0
17379	-201525	Undirected	4.0
17379	-431637	Undirected	4.0
17379	46006	Undirected	8.0
17379	81742	Undirected	4.0
17379	-2831	Undirected	4.0
17379	4770	Undirected	4.0
17379	-164335	Undirected	4.0
17379	3247	Undirected	5.0
17379	76548	Undirected	4.0
17379	5103	Undirected	4.0
17379	17375	Undirected	4.0
17379	68917	Undirected	4.0
17379	-2613	Undirected	4.0
17379	79834	Undirected	5.0
17379	34860	Undirected	4.0
17379	-99150	Undirected	4.0
17379	31891	Undirected	8.0
17379	52217	Undirected	5.0
17379	41416	Undirected	4.0
17379	-5438	Undirected	4.0
17379	76723	Undirected	5.0
17379	74086	Undirected	6.0
17379	43972	Undirected	4.0
17379	8088	Undirected	5.0
17379	44257	Undirected	4.0
17379	107909	Undirected	4.0
17379	96463	Undirected	4.0
17379	106292	Undirected	10.0
17379	34838	Undirected	4.0
17379	-385120	Undirected	4.0
17379	-104747	Undirected	4.0
17379	56409	Undirected	4.0
17379	35928	Undirected	4.0
17379	95046	Undirected	12.0
17379	-493737	Undirected	6.0
17379	-189459	Undirected	10.0
17379	-177421	Undirected	10.0
17379	-7738	Undirected	10.0
17379	73058	Undirected	10.0
17379	4136	Undirected	10.0
17379	15755	Undirected	10.0
17379	40140	Undirected	10.0
17379	58708	Undirected	10.0
17379	100952	Undirected	10.0
17379	108032	Undirected	10.0
17379	68130	Undirected	11.0
17379	32269	Undirected	10.0
17379	14082	Undirected	4.0
17379	-17244	Undirected	4.0
17379	-420903	Undirected	4.0
17379	82953	Undirected	7.0
17379	5961	Undirected	4.0
17379	44948	Undirected	4.0
17379	93226	Undirected	5.0
17379	72078	Undirected	4.0
17379	-200617	Undirected	4.0
17379	-23413	Undirected	4.0
17379	125790	Undirected	4.0
17379	45812	Undirected	4.0
17379	14479	Undirected	5.0
17379	42725	Undirected	4.0
17379	27178	Undirected	5.0
17379	85552	Undirected	4.0
17379	-412242	Undirected	4.0
17379	-87745	Undirected	5.0
17379	44789	Undirected	6.0
17379	40202	Undirected	4.0
17379	21422	Undirected	5.0
17379	82960	Undirected	4.0
17379	36103	Undirected	5.0
17379	44916	Undirected	5.0
17379	14540	Undirected	4.0
17379	-93913	Undirected	4.0
17379	-90293	Undirected	4.0
17379	-415585	Undirected	4.0
17379	10789	Undirected	6.0
17379	26910	Undirected	4.0
17379	10910	Undirected	4.0
17379	45006	Undirected	4.0
17379	-227807	Undirected	4.0
17379	2683	Undirected	4.0
17379	-189905	Undirected	5.0
17379	2132	Undirected	4.0
17379	12945	Undirected	4.0
17379	-11497	Undirected	4.0
17379	73642	Undirected	5.0
17379	53013	Undirected	5.0
17379	81738	Undirected	5.0
17379	-167226	Undirected	5.0
17379	61977	Undirected	4.0
17379	72554	Undirected	4.0
17379	37796	Undirected	4.0
17379	124327	Undirected	4.0
17379	27648	Undirected	6.0
17379	-117640	Undirected	4.0
17379	115654	Undirected	4.0
17379	73994	Undirected	5.0
17379	92000	Undirected	5.0
17379	3889	Undirected	5.0
17379	-15988	Undirected	5.0
17379	-14854	Undirected	5.0
17379	-15906	Undirected	5.0
17379	125973	Undirected	4.0
17379	-391743	Undirected	5.0
17379	102002	Undirected	4.0
17379	-453496	Undirected	4.0
17379	-3143	Undirected	4.0
17379	28387	Undirected	4.0
17379	-253734	Undirected	4.0
17379	-422664	Undirected	5.0
17379	-466014	Undirected	4.0
17379	78648	Undirected	4.0
17379	33964	Undirected	4.0
17379	94966	Undirected	4.0
73419	39752	Undirected	6.0
73419	-399202	Undirected	6.0
73419	49267	Undirected	8.0
73419	-391866	Undirected	4.0
73419	115867	Undirected	4.0
73419	-189905	Undirected	5.0
39752	-399202	Undirected	9.0
39752	49267	Undirected	14.0
39752	-391866	Undirected	4.0
39752	84605	Undirected	4.0
39752	470	Undirected	4.0
39752	-183025	Undirected	5.0
39752	3262	Undirected	4.0
39752	-10157	Undirected	4.0
39752	2663	Undirected	4.0
39752	99170	Undirected	4.0
39752	102972	Undirected	4.0
39752	6220	Undirected	5.0
39752	110062	Undirected	4.0
39752	62200	Undirected	5.0
39752	4267	Undirected	4.0
39752	109273	Undirected	4.0
39752	115867	Undirected	11.0
39752	119191	Undirected	5.0
39752	17189	Undirected	4.0
39752	-210558	Undirected	4.0
39752	-201525	Undirected	4.0
39752	-431637	Undirected	4.0
39752	46006	Undirected	7.0
39752	81742	Undirected	4.0
39752	-2831	Undirected	4.0
39752	4770	Undirected	4.0
39752	-164335	Undirected	4.0
39752	3247	Undirected	4.0
39752	76548	Undirected	4.0
39752	5103	Undirected	4.0
39752	17375	Undirected	5.0
39752	68917	Undirected	4.0
39752	79834	Undirected	4.0
39752	-162772	Undirected	4.0
39752	110550	Undirected	4.0
39752	-392192	Undirected	4.0
39752	31891	Undirected	6.0
39752	-3404	Undirected	4.0
39752	74086	Undirected	4.0
39752	106292	Undirected	10.0
39752	56409	Undirected	5.0
39752	95046	Undirected	13.0
39752	-210764	Undirected	4.0
39752	8323	Undirected	4.0
39752	-189459	Undirected	10.0
39752	-177421	Undirected	10.0
39752	-7738	Undirected	10.0
39752	73058	Undirected	10.0
39752	4136	Undirected	11.0
39752	15755	Undirected	11.0
39752	40140	Undirected	11.0
39752	58708	Undirected	10.0
39752	100952	Undirected	10.0
39752	108032	Undirected	10.0
39752	68130	Undirected	10.0
39752	32269	Undirected	10.0
39752	37267	Undirected	4.0
39752	106090	Undirected	5.0
39752	54110	Undirected	4.0
39752	82953	Undirected	8.0
39752	93226	Undirected	4.0
39752	-23413	Undirected	4.0
39752	14479	Undirected	5.0
39752	36103	Undirected	5.0
39752	44916	Undirected	4.0
39752	-189092	Undirected	4.0
39752	10789	Undirected	4.0
39752	72193	Undirected	4.0
39752	2683	Undirected	4.0
39752	11579	Undirected	5.0
39752	10310	Undirected	5.0
39752	12945	Undirected	7.0
39752	73642	Undirected	5.0
39752	53013	Undirected	5.0
39752	-132821	Undirected	4.0
39752	81738	Undirected	5.0
39752	-167226	Undirected	5.0
39752	46177	Undirected	5.0
39752	112671	Undirected	4.0
39752	-431422	Undirected	4.0
39752	61977	Undirected	5.0
39752	72554	Undirected	4.0
39752	87566	Undirected	4.0
39752	37796	Undirected	6.0
39752	27204	Undirected	4.0
39752	-295071	Undirected	4.0
39752	108792	Undirected	4.0
39752	27648	Undirected	6.0
39752	-117640	Undirected	4.0
39752	98471	Undirected	5.0
39752	115654	Undirected	4.0
39752	9602	Undirected	4.0
39752	36023	Undirected	4.0
39752	73994	Undirected	4.0
39752	101121	Undirected	4.0
39752	-188467	Undirected	4.0
39752	-107944	Undirected	4.0
39752	6586	Undirected	4.0
39752	5562	Undirected	5.0
39752	123706	Undirected	4.0
39752	82965	Undirected	4.0
39752	32169	Undirected	4.0
39752	32176	Undirected	5.0
39752	29788	Undirected	4.0
39752	-423577	Undirected	5.0
39752	-126494	Undirected	5.0
39752	44932	Undirected	5.0
39752	11031	Undirected	4.0
39752	16783	Undirected	4.0
39752	73469	Undirected	4.0
39752	91763	Undirected	4.0
39752	-250227	Undirected	5.0
39752	-240050	Undirected	4.0
39752	13096	Undirected	4.0
39752	41801	Undirected	5.0
39752	-188696	Undirected	4.0
39752	-98711	Undirected	4.0
39752	-19895	Undirected	4.0
39752	120848	Undirected	4.0
39752	-187035	Undirected	4.0
39752	48909	Undirected	4.0
39752	41099	Undirected	4.0
39752	74046	Undirected	4.0
39752	107590	Undirected	4.0
39752	102002	Undirected	4.0
39752	-453496	Undirected	4.0
39752	-3143	Undirected	5.0
39752	43874	Undirected	5.0
39752	-422664	Undirected	5.0
39752	-429500	Undirected	4.0
39752	73954	Undirected	4.0
39752	110100	Undirected	5.0
39752	-466014	Undirected	6.0
39752	78648	Undirected	4.0
39752	15576	Undirected	4.0
39752	5779	Undirected	4.0
39752	122900	Undirected	4.0
39752	31745	Undirected	4.0
39752	99913	Undirected	4.0
39752	-189602	Undirected	5.0
39752	54239	Undirected	4.0
39752	83313	Undirected	4.0
39752	-258685	Undirected	4.0
39752	12133	Undirected	4.0
39752	33964	Undirected	5.0
39752	94966	Undirected	4.0
-399202	49267	Undirected	8.0
-399202	-391866	Undirected	4.0
-399202	-183025	Undirected	4.0
-399202	115867	Undirected	5.0
-399202	119191	Undirected	4.0
-399202	46006	Undirected	4.0
-399202	106292	Undirected	4.0
-399202	95046	Undirected	6.0
-399202	-189459	Undirected	4.0
-399202	-177421	Undirected	4.0
-399202	-7738	Undirected	4.0
-399202	73058	Undirected	4.0
-399202	4136	Undirected	5.0
-399202	15755	Undirected	5.0
-399202	40140	Undirected	5.0
-399202	58708	Undirected	4.0
-399202	100952	Undirected	4.0
-399202	108032	Undirected	4.0
-399202	68130	Undirected	4.0
-399202	32269	Undirected	4.0
-399202	42450	Undirected	4.0
-399202	36103	Undirected	5.0
-399202	44916	Undirected	5.0
-399202	-93913	Undirected	4.0
-399202	-415585	Undirected	4.0
-399202	2683	Undirected	4.0
-399202	12945	Undirected	5.0
-399202	73642	Undirected	4.0
-399202	53013	Undirected	4.0
-399202	-132821	Undirected	4.0
-399202	81738	Undirected	4.0
-399202	-167226	Undirected	4.0
-399202	61977	Undirected	4.0
-399202	37796	Undirected	6.0
-399202	27204	Undirected	4.0
-399202	-295071	Undirected	4.0
-399202	115654	Undirected	4.0
-399202	102002	Undirected	5.0
-399202	-465702	Undirected	4.0
-399202	-453496	Undirected	5.0
-399202	-3143	Undirected	6.0
-399202	28387	Undirected	4.0
-399202	125768	Undirected	4.0
-399202	125098	Undirected	4.0
-399202	-253734	Undirected	4.0
-399202	24398	Undirected	4.0
-399202	43874	Undirected	5.0
-399202	-422664	Undirected	5.0
-399202	-429500	Undirected	4.0
-399202	73954	Undirected	4.0
-399202	110100	Undirected	5.0
-399202	-466014	Undirected	6.0
-399202	15576	Undirected	4.0
-399202	5779	Undirected	4.0
-399202	31745	Undirected	4.0
-399202	-189602	Undirected	4.0
-399202	12133	Undirected	4.0
49267	-391866	Undirected	4.0
49267	16532	Undirected	4.0
49267	48362	Undirected	4.0
49267	-407925	Undirected	4.0
49267	470	Undirected	4.0
49267	2663	Undirected	8.0
49267	54941	Undirected	4.0
49267	99170	Undirected	7.0
49267	-420667	Undirected	4.0
49267	86007	Undirected	5.0
49267	102972	Undirected	4.0
49267	6220	Undirected	5.0
49267	78969	Undirected	4.0
49267	87797	Undirected	4.0
49267	15285	Undirected	4.0
49267	56833	Undirected	4.0
49267	62200	Undirected	5.0
49267	4267	Undirected	4.0
49267	109273	Undirected	4.0
49267	115867	Undirected	11.0
49267	119191	Undirected	4.0
49267	36732	Undirected	4.0
49267	46006	Undirected	5.0
49267	3247	Undirected	4.0
49267	31891	Undirected	6.0
49267	-211444	Undirected	4.0
49267	52217	Undirected	4.0
49267	76723	Undirected	4.0
49267	74086	Undirected	7.0
49267	8088	Undirected	4.0
49267	106292	Undirected	10.0
49267	56409	Undirected	4.0
49267	95046	Undirected	12.0
49267	-493737	Undirected	6.0
49267	8323	Undirected	4.0
49267	-189459	Undirected	10.0
49267	-177421	Undirected	10.0
49267	-7738	Undirected	10.0
49267	73058	Undirected	10.0
49267	4136	Undirected	10.0
49267	15755	Undirected	11.0
49267	40140	Undirected	10.0
49267	58708	Undirected	10.0
49267	100952	Undirected	10.0
49267	108032	Undirected	10.0
49267	68130	Undirected	10.0
49267	32269	Undirected	10.0
49267	14082	Undirected	5.0
49267	125120	Undirected	4.0
49267	82953	Undirected	6.0
49267	5961	Undirected	5.0
49267	44948	Undirected	4.0
49267	93226	Undirected	4.0
49267	72078	Undirected	4.0
49267	-187211	Undirected	4.0
49267	45812	Undirected	5.0
49267	14479	Undirected	5.0
49267	42725	Undirected	4.0
49267	7937	Undirected	4.0
49267	27178	Undirected	5.0
49267	85552	Undirected	4.0
49267	-412242	Undirected	4.0
49267	-87745	Undirected	5.0
49267	32124	Undirected	4.0
49267	44789	Undirected	5.0
49267	21422	Undirected	4.0
49267	36103	Undirected	4.0
49267	44916	Undirected	5.0
49267	-93913	Undirected	4.0
49267	-415585	Undirected	4.0
49267	-189972	Undirected	4.0
49267	-406899	Undirected	4.0
49267	10789	Undirected	6.0
49267	26910	Undirected	4.0
49267	10910	Undirected	4.0
49267	45006	Undirected	4.0
49267	2683	Undirected	4.0
49267	-189905	Undirected	5.0
49267	12945	Undirected	4.0
49267	73642	Undirected	4.0
49267	53013	Undirected	4.0
49267	81738	Undirected	4.0
49267	-167226	Undirected	4.0
49267	37796	Undirected	5.0
49267	27648	Undirected	4.0
49267	36023	Undirected	4.0
49267	13805	Undirected	4.0
49267	73994	Undirected	4.0
49267	-453496	Undirected	4.0
49267	-3143	Undirected	4.0
49267	43874	Undirected	4.0
49267	-422664	Undirected	5.0
49267	-429500	Undirected	4.0
49267	73954	Undirected	4.0
49267	110100	Undirected	4.0
49267	-466014	Undirected	5.0
49267	33964	Undirected	4.0
79372	17349	Undirected	4.0
79372	3216	Undirected	4.0
126042	119191	Undirected	4.0
126042	46006	Undirected	5.0
126042	48095	Undirected	6.0
126042	73642	Undirected	4.0
126042	53013	Undirected	4.0
126042	81738	Undirected	4.0
126042	-167226	Undirected	4.0
126042	125973	Undirected	4.0
126042	17160	Undirected	5.0
126042	50221	Undirected	4.0
126042	123480	Undirected	4.0
126042	-109103	Undirected	4.0
16532	39238	Undirected	6.0
16532	29307	Undirected	4.0
16532	94941	Undirected	4.0
16532	15868	Undirected	4.0
16532	49257	Undirected	4.0
16532	30452	Undirected	4.0
16532	-10157	Undirected	4.0
16532	12295	Undirected	4.0
16532	2663	Undirected	5.0
16532	54941	Undirected	5.0
16532	123884	Undirected	4.0
16532	54502	Undirected	4.0
16532	99170	Undirected	5.0
16532	-420667	Undirected	5.0
16532	94574	Undirected	4.0
16532	86007	Undirected	5.0
16532	40973	Undirected	4.0
16532	9295	Undirected	4.0
16532	102972	Undirected	6.0
16532	15285	Undirected	4.0
16532	14082	Undirected	4.0
16532	-183408	Undirected	4.0
16532	10364	Undirected	4.0
48497	57784	Undirected	4.0
57784	124422	Undirected	4.0
-408323	-409272	Undirected	4.0
-408323	2663	Undirected	6.0
-408323	99170	Undirected	4.0
-408323	86007	Undirected	5.0
-408323	102972	Undirected	4.0
-408323	74086	Undirected	5.0
-408323	-213257	Undirected	4.0
-408323	-431372	Undirected	4.0
-408323	-398170	Undirected	4.0
-408323	45812	Undirected	4.0
-408323	24451	Undirected	4.0
-408323	7937	Undirected	4.0
-408323	27178	Undirected	4.0
-408323	85552	Undirected	4.0
-408323	61236	Undirected	4.0
-408323	-353852	Undirected	4.0
-408323	32124	Undirected	4.0
-408323	-447980	Undirected	4.0
48362	-407925	Undirected	4.0
470	44531	Undirected	4.0
470	68959	Undirected	4.0
470	62200	Undirected	4.0
470	-12991	Undirected	4.0
470	-423574	Undirected	5.0
470	6974	Undirected	4.0
470	-204179	Undirected	4.0
470	43668	Undirected	4.0
-409272	2663	Undirected	5.0
-409272	99170	Undirected	4.0
-409272	102972	Undirected	4.0
-409272	87797	Undirected	4.0
-409272	74086	Undirected	5.0
-409272	82953	Undirected	4.0
-409272	8719	Undirected	4.0
-409272	44380	Undirected	4.0
-409272	93226	Undirected	4.0
-409272	54286	Undirected	4.0
25203	-21184	Undirected	7.0
25203	-223180	Undirected	4.0
25203	92027	Undirected	4.0
25203	40650	Undirected	5.0
25203	-198820	Undirected	5.0
25203	-395121	Undirected	5.0
25203	-25307	Undirected	5.0
25203	-111157	Undirected	5.0
25203	-6882	Undirected	5.0
25203	93053	Undirected	5.0
25203	-40448	Undirected	5.0
25203	-30909	Undirected	5.0
25203	-49749	Undirected	5.0
25203	57752	Undirected	5.0
25203	118024	Undirected	5.0
25203	-440293	Undirected	5.0
25203	21727	Undirected	5.0
25203	114123	Undirected	5.0
25203	-448598	Undirected	5.0
25203	-441051	Undirected	5.0
25203	-246854	Undirected	5.0
25203	32178	Undirected	5.0
25203	106640	Undirected	4.0
25203	82103	Undirected	4.0
25203	29823	Undirected	4.0
25203	-429174	Undirected	4.0
25203	-116491	Undirected	4.0
25203	74829	Undirected	4.0
-21184	-223180	Undirected	4.0
-21184	92027	Undirected	4.0
-21184	40650	Undirected	5.0
-21184	-198820	Undirected	5.0
-21184	-395121	Undirected	5.0
-21184	-25307	Undirected	5.0
-21184	-111157	Undirected	5.0
-21184	-6882	Undirected	5.0
-21184	93053	Undirected	5.0
-21184	-40448	Undirected	5.0
-21184	-30909	Undirected	5.0
-21184	-49749	Undirected	5.0
-21184	57752	Undirected	5.0
-21184	118024	Undirected	5.0
-21184	-440293	Undirected	5.0
-21184	21727	Undirected	5.0
-21184	114123	Undirected	5.0
-21184	-448598	Undirected	5.0
-21184	-441051	Undirected	5.0
-21184	-246854	Undirected	5.0
-21184	32178	Undirected	5.0
-21184	106640	Undirected	4.0
-21184	82103	Undirected	4.0
-21184	29823	Undirected	4.0
-21184	-429174	Undirected	4.0
-21184	-116491	Undirected	4.0
-21184	74829	Undirected	4.0
-183025	46006	Undirected	4.0
-96417	-118303	Undirected	5.0
-79145	89259	Undirected	4.0
-79145	-244718	Undirected	5.0
-79145	-187589	Undirected	5.0
-79145	-389063	Undirected	4.0
-79145	-422441	Undirected	5.0
-79145	-422960	Undirected	4.0
-79145	-497199	Undirected	5.0
-79145	29356	Undirected	4.0
-79145	-283858	Undirected	4.0
-79145	80634	Undirected	5.0
-79145	13540	Undirected	4.0
-79145	-244873	Undirected	4.0
-79145	-180790	Undirected	6.0
-79145	130377	Undirected	5.0
-79145	-125362	Undirected	6.0
-79145	51807	Undirected	4.0
-79145	-153810	Undirected	5.0
-79145	76480	Undirected	5.0
-79145	-472552	Undirected	5.0
-79145	-197091	Undirected	5.0
-79145	-123382	Undirected	4.0
-79145	12861	Undirected	4.0
-79145	12687	Undirected	7.0
-79145	37401	Undirected	7.0
-79145	-104233	Undirected	4.0
-79145	6532	Undirected	4.0
-79145	70341	Undirected	5.0
-79145	-236820	Undirected	5.0
-79145	-174574	Undirected	5.0
-79145	80329	Undirected	4.0
-79145	124317	Undirected	4.0
-79145	-355397	Undirected	4.0
-79145	-121488	Undirected	4.0
-79145	-399142	Undirected	4.0
-79145	34342	Undirected	4.0
-79145	-209472	Undirected	4.0
-79145	50252	Undirected	4.0
-79145	54005	Undirected	4.0
-79145	-154535	Undirected	4.0
-79145	-124688	Undirected	4.0
-79145	-11230	Undirected	4.0
-79145	679	Undirected	4.0
-79145	-117265	Undirected	4.0
-79145	-163850	Undirected	4.0
-79145	-49647	Undirected	4.0
-79145	40306	Undirected	4.0
-79145	15519	Undirected	4.0
-79145	26550	Undirected	4.0
-79145	26587	Undirected	4.0
-79145	68422	Undirected	4.0
-79145	-227962	Undirected	4.0
-79145	103969	Undirected	4.0
-79145	-395173	Undirected	4.0
89259	-244718	Undirected	4.0
89259	-187589	Undirected	4.0
89259	-389063	Undirected	4.0
89259	-422441	Undirected	4.0
89259	-422960	Undirected	4.0
89259	-497199	Undirected	4.0
-244718	-187589	Undirected	7.0
-244718	-389063	Undirected	4.0
-244718	-422441	Undirected	6.0
-244718	-422960	Undirected	4.0
-244718	-497199	Undirected	6.0
-244718	-197091	Undirected	4.0
-244718	-77034	Undirected	4.0
-244718	-113659	Undirected	4.0
-244718	100637	Undirected	4.0
-244718	14049	Undirected	4.0
-244718	-208196	Undirected	4.0
-244718	-202184	Undirected	4.0
-187589	-389063	Undirected	4.0
-187589	-422441	Undirected	6.0
-187589	-422960	Undirected	4.0
-187589	-497199	Undirected	6.0
-187589	-197091	Undirected	4.0
-187589	-77034	Undirected	4.0
-187589	-113659	Undirected	4.0
-187589	100637	Undirected	4.0
-187589	14049	Undirected	4.0
-187589	-208196	Undirected	4.0
-187589	-202184	Undirected	4.0
-389063	-422441	Undirected	4.0
-389063	-422960	Undirected	4.0
-389063	-497199	Undirected	4.0
-422441	-422960	Undirected	4.0
-422441	-497199	Undirected	8.0
-422441	44245	Undirected	4.0
-422441	-197091	Undirected	4.0
-422441	124317	Undirected	4.0
-422441	-77034	Undirected	5.0
-422441	27234	Undirected	4.0
-422441	14049	Undirected	5.0
-422441	-437916	Undirected	4.0
-422441	-272444	Undirected	4.0
-422441	-222179	Undirected	4.0
-422960	-497199	Undirected	4.0
-497199	44245	Undirected	4.0
-497199	-197091	Undirected	4.0
-497199	124317	Undirected	4.0
-497199	-77034	Undirected	5.0
-497199	27234	Undirected	4.0
-497199	14049	Undirected	5.0
-497199	-437916	Undirected	4.0
-497199	-272444	Undirected	4.0
-497199	-222179	Undirected	4.0
51118	61541	Undirected	4.0
51118	1488	Undirected	4.0
51118	22235	Undirected	4.0
51118	21502	Undirected	4.0
51118	70990	Undirected	4.0
51118	1219	Undirected	6.0
51118	48693	Undirected	4.0
51118	12295	Undirected	4.0
51118	-107082	Undirected	4.0
51118	78397	Undirected	4.0
51118	-507527	Undirected	4.0
51118	-507529	Undirected	4.0
51118	17222	Undirected	10.0
51118	-372746	Undirected	4.0
51118	-259812	Undirected	4.0
51118	83269	Undirected	4.0
51118	98571	Undirected	6.0
54523	83430	Undirected	10.0
54523	110073	Undirected	4.0
54523	-113177	Undirected	4.0
54523	107145	Undirected	4.0
54523	44789	Undirected	4.0
83430	110073	Undirected	4.0
83430	-113177	Undirected	4.0
83430	107145	Undirected	4.0
-249907	10387	Undirected	4.0
-249907	13520	Undirected	4.0
-249907	-373614	Undirected	4.0
-249907	-389788	Undirected	4.0
-47636	49796	Undirected	5.0
-47636	127556	Undirected	4.0
-47636	59531	Undirected	4.0
-47636	68959	Undirected	4.0
-47636	76625	Undirected	4.0
49796	127556	Undirected	4.0
49796	59531	Undirected	4.0
49796	68959	Undirected	4.0
49796	76625	Undirected	4.0
-25791	77032	Undirected	4.0
-25791	127556	Undirected	4.0
-25791	68959	Undirected	4.0
-113552	111729	Undirected	4.0
-113552	90639	Undirected	4.0
-113552	77032	Undirected	4.0
-113552	98328	Undirected	4.0
-113552	32038	Undirected	4.0
-113552	122272	Undirected	4.0
-113552	-2886	Undirected	4.0
-113552	125669	Undirected	4.0
-113552	1488	Undirected	4.0
-113552	-258048	Undirected	4.0
-113552	22235	Undirected	4.0
-113552	-404511	Undirected	4.0
-113552	-404614	Undirected	4.0
-113552	21502	Undirected	4.0
-113552	109935	Undirected	4.0
-113552	-449695	Undirected	4.0
-113552	70990	Undirected	4.0
-113552	-449009	Undirected	4.0
-113552	127556	Undirected	4.0
-113552	59531	Undirected	4.0
-113552	-109550	Undirected	4.0
-113552	76198	Undirected	4.0
-113552	12495	Undirected	5.0
-113552	100731	Undirected	4.0
-113552	71420	Undirected	4.0
-113552	53920	Undirected	4.0
-113552	-193871	Undirected	4.0
-113552	-181125	Undirected	4.0
-113552	-11556	Undirected	4.0
-113552	77499	Undirected	4.0
-113552	-102334	Undirected	4.0
-113552	97244	Undirected	4.0
-113552	-394547	Undirected	4.0
-113552	29870	Undirected	4.0
-113552	9148	Undirected	4.0
-113552	-187310	Undirected	4.0
-113552	21865	Undirected	4.0
-113552	42706	Undirected	5.0
-113552	115093	Undirected	4.0
-113552	58293	Undirected	5.0
-113552	68959	Undirected	4.0
-113552	76625	Undirected	4.0
-113552	-185097	Undirected	4.0
-113552	84037	Undirected	4.0
-113552	-540471	Undirected	4.0
-113552	-490206	Undirected	5.0
-113552	-115276	Undirected	4.0
-113552	29766	Undirected	4.0
-113552	-490101	Undirected	4.0
-113552	-413145	Undirected	4.0
-113552	-437992	Undirected	4.0
-113552	92734	Undirected	4.0
-113552	98490	Undirected	4.0
-113552	48693	Undirected	4.0
-113552	21216	Undirected	4.0
-113552	105984	Undirected	4.0
-113552	-124389	Undirected	4.0
-113552	-86369	Undirected	4.0
-113552	-56090	Undirected	4.0
-113552	-107082	Undirected	4.0
-113552	-25080	Undirected	4.0
111729	90639	Undirected	4.0
111729	12495	Undirected	4.0
111729	42706	Undirected	4.0
90639	12495	Undirected	4.0
90639	42706	Undirected	4.0
77032	-129543	Undirected	4.0
77032	32038	Undirected	4.0
77032	81544	Undirected	4.0
77032	125669	Undirected	5.0
77032	127556	Undirected	4.0
77032	44531	Undirected	4.0
77032	68959	Undirected	5.0
77032	10387	Undirected	4.0
77032	76625	Undirected	5.0
77032	-223180	Undirected	4.0
77032	72946	Undirected	4.0
77032	-295283	Undirected	4.0
77032	-213750	Undirected	4.0
77032	42685	Undirected	5.0
77032	41081	Undirected	4.0
77032	794	Undirected	4.0
-129543	117238	Undirected	4.0
-129543	-223180	Undirected	5.0
-129543	-295283	Undirected	5.0
-129543	-471482	Undirected	4.0
-129543	117173	Undirected	4.0
-129543	41081	Undirected	6.0
-129543	-208490	Undirected	4.0
-129543	-188815	Undirected	5.0
-129543	794	Undirected	6.0
-129543	92027	Undirected	4.0
-129543	12980	Undirected	4.0
-129543	40650	Undirected	4.0
-129543	57752	Undirected	4.0
-129543	32178	Undirected	4.0
-129543	106640	Undirected	4.0
-129543	82103	Undirected	4.0
-129543	29823	Undirected	4.0
-129543	-429174	Undirected	4.0
-129543	-116491	Undirected	4.0
-129543	74829	Undirected	4.0
-129543	75056	Undirected	4.0
-129543	56480	Undirected	4.0
-129543	-439280	Undirected	4.0
-129543	115742	Undirected	4.0
-129543	96893	Undirected	4.0
-387231	32038	Undirected	4.0
-387231	122272	Undirected	5.0
-387231	-2886	Undirected	4.0
-387231	-413931	Undirected	5.0
-387231	-407759	Undirected	5.0
-387231	-86618	Undirected	5.0
-387231	-17480	Undirected	5.0
-387231	10417	Undirected	5.0
-387231	66486	Undirected	6.0
-387231	90240	Undirected	5.0
-387231	52947	Undirected	5.0
-387231	106001	Undirected	5.0
-387231	113229	Undirected	5.0
-387231	-403839	Undirected	5.0
-387231	-504552	Undirected	5.0
-387231	-503185	Undirected	5.0
-387231	-521838	Undirected	5.0
-387231	80313	Undirected	4.0
-387231	29862	Undirected	4.0
-387231	125669	Undirected	4.0
-387231	61541	Undirected	4.0
-387231	1488	Undirected	7.0
-387231	29307	Undirected	5.0
-387231	49138	Undirected	4.0
-387231	52422	Undirected	4.0
-387231	-17448	Undirected	4.0
-387231	6610	Undirected	4.0
-387231	-283417	Undirected	5.0
-387231	-255930	Undirected	4.0
-387231	115093	Undirected	4.0
-387231	57066	Undirected	5.0
-387231	50450	Undirected	4.0
-387231	-112385	Undirected	4.0
-387231	58293	Undirected	4.0
-387231	10387	Undirected	4.0
-387231	13520	Undirected	4.0
-387231	-15330	Undirected	4.0
-387231	-14717	Undirected	4.0
-387231	1219	Undirected	4.0
-387231	-154576	Undirected	4.0
-387231	116096	Undirected	5.0
-387231	95298	Undirected	5.0
-387231	5628	Undirected	5.0
-387231	-413886	Undirected	5.0
-387231	-304040	Undirected	4.0
-387231	29766	Undirected	5.0
-387231	97680	Undirected	4.0
-387231	84353	Undirected	6.0
-387231	77481	Undirected	5.0
-387231	-84373	Undirected	4.0
-387231	44245	Undirected	4.0
-387231	82513	Undirected	4.0
-387231	4049	Undirected	5.0
-387231	-456155	Undirected	4.0
-387231	34988	Undirected	4.0
-387231	-224585	Undirected	4.0
-387231	117687	Undirected	5.0
-387231	120139	Undirected	4.0
-387231	56494	Undirected	4.0
-387231	43613	Undirected	7.0
-387231	-412209	Undirected	7.0
-387231	-116561	Undirected	4.0
-387231	82502	Undirected	4.0
-387231	73961	Undirected	4.0
-387231	112700	Undirected	4.0
-387231	-177354	Undirected	4.0
-387231	75481	Undirected	5.0
-387231	51232	Undirected	4.0
-387231	122399	Undirected	4.0
-387231	-242105	Undirected	4.0
-387231	38533	Undirected	4.0
-387231	31254	Undirected	4.0
-387231	117966	Undirected	4.0
-387231	9591	Undirected	4.0
-387231	-504137	Undirected	5.0
-387231	40151	Undirected	4.0
-387231	100961	Undirected	4.0
-387231	14582	Undirected	4.0
-387231	88761	Undirected	4.0
-387231	35221	Undirected	4.0
-387231	22017	Undirected	4.0
-387231	-116873	Undirected	5.0
-387231	36903	Undirected	4.0
-387231	-11028	Undirected	4.0
-387231	74172	Undirected	4.0
98328	61394	Undirected	4.0
98328	32038	Undirected	4.0
98328	122272	Undirected	5.0
98328	-2886	Undirected	4.0
98328	1488	Undirected	5.0
98328	-258048	Undirected	4.0
98328	22235	Undirected	4.0
98328	-404511	Undirected	4.0
98328	-404614	Undirected	4.0
98328	21502	Undirected	4.0
98328	109935	Undirected	4.0
98328	-449695	Undirected	4.0
98328	70990	Undirected	4.0
98328	-449009	Undirected	4.0
98328	53920	Undirected	4.0
98328	-193871	Undirected	4.0
98328	-181125	Undirected	4.0
98328	-11556	Undirected	5.0
98328	77499	Undirected	4.0
98328	-102334	Undirected	4.0
98328	97244	Undirected	4.0
98328	-394547	Undirected	4.0
98328	29870	Undirected	4.0
98328	58293	Undirected	4.0
98328	-490206	Undirected	4.0
98328	-413886	Undirected	4.0
98328	-490101	Undirected	4.0
98328	-413145	Undirected	4.0
98328	-437992	Undirected	4.0
98328	92734	Undirected	4.0
98328	98490	Undirected	4.0
98328	48693	Undirected	4.0
98328	21216	Undirected	4.0
98328	105984	Undirected	4.0
98328	-124389	Undirected	4.0
98328	-86369	Undirected	4.0
98328	-56090	Undirected	4.0
-113200	14556	Undirected	5.0
-113200	61394	Undirected	5.0
-113200	32038	Undirected	5.0
-113200	107620	Undirected	5.0
-113200	120114	Undirected	5.0
-113200	122272	Undirected	5.0
-113200	-99600	Undirected	5.0
-113200	-2886	Undirected	5.0
-113200	81544	Undirected	5.0
-113200	-490101	Undirected	4.0
14556	61394	Undirected	5.0
14556	32038	Undirected	5.0
14556	107620	Undirected	5.0
14556	120114	Undirected	5.0
14556	122272	Undirected	5.0
14556	-99600	Undirected	5.0
14556	-2886	Undirected	5.0
14556	81544	Undirected	5.0
14556	-490101	Undirected	4.0
61394	32038	Undirected	6.0
61394	107620	Undirected	5.0
61394	120114	Undirected	5.0
61394	122272	Undirected	7.0
61394	-99600	Undirected	5.0
61394	-2886	Undirected	6.0
61394	81544	Undirected	5.0
61394	112609	Undirected	4.0
61394	125669	Undirected	4.0
61394	61541	Undirected	4.0
61394	1488	Undirected	5.0
61394	22235	Undirected	4.0
61394	21502	Undirected	4.0
61394	70990	Undirected	4.0
61394	-255930	Undirected	4.0
61394	-11556	Undirected	4.0
61394	58293	Undirected	4.0
61394	1219	Undirected	5.0
61394	-413886	Undirected	5.0
61394	-490101	Undirected	4.0
32038	107620	Undirected	5.0
32038	120114	Undirected	5.0
32038	122272	Undirected	8.0
32038	-99600	Undirected	5.0
32038	-2886	Undirected	7.0
32038	81544	Undirected	5.0
32038	-413931	Undirected	5.0
32038	112609	Undirected	4.0
32038	-407759	Undirected	5.0
32038	-86618	Undirected	5.0
32038	-17480	Undirected	5.0
32038	10417	Undirected	4.0
32038	66486	Undirected	4.0
32038	90240	Undirected	4.0
32038	52947	Undirected	4.0
32038	106001	Undirected	4.0
32038	113229	Undirected	4.0
32038	-403839	Undirected	4.0
32038	-504552	Undirected	4.0
32038	-503185	Undirected	4.0
32038	-521838	Undirected	4.0
32038	80313	Undirected	5.0
32038	71248	Undirected	5.0
32038	29862	Undirected	4.0
32038	125669	Undirected	7.0
32038	61541	Undirected	5.0
32038	1488	Undirected	7.0
32038	29307	Undirected	6.0
32038	49138	Undirected	4.0
32038	52422	Undirected	4.0
32038	-17448	Undirected	4.0
32038	6610	Undirected	5.0
32038	14179	Undirected	4.0
32038	-258048	Undirected	4.0
32038	22235	Undirected	5.0
32038	-404511	Undirected	4.0
32038	-404614	Undirected	4.0
32038	21502	Undirected	4.0
32038	109935	Undirected	6.0
32038	-449695	Undirected	4.0
32038	70990	Undirected	4.0
32038	-449009	Undirected	4.0
32038	127556	Undirected	4.0
32038	-283417	Undirected	4.0
32038	61354	Undirected	4.0
32038	71185	Undirected	4.0
32038	-255930	Undirected	5.0
32038	53920	Undirected	5.0
32038	-193871	Undirected	4.0
32038	-181125	Undirected	4.0
32038	-11556	Undirected	4.0
32038	77499	Undirected	4.0
32038	-102334	Undirected	4.0
32038	97244	Undirected	4.0
32038	-394547	Undirected	4.0
32038	29870	Undirected	4.0
32038	57066	Undirected	5.0
32038	58293	Undirected	5.0
32038	68959	Undirected	5.0
32038	10387	Undirected	7.0
32038	76625	Undirected	5.0
32038	-418321	Undirected	5.0
32038	4468	Undirected	5.0
32038	13520	Undirected	7.0
32038	-373614	Undirected	5.0
32038	-389788	Undirected	5.0
32038	-398594	Undirected	5.0
32038	-413184	Undirected	5.0
32038	-120370	Undirected	5.0
32038	-116694	Undirected	6.0
32038	-15330	Undirected	6.0
32038	-14717	Undirected	6.0
32038	-15488	Undirected	5.0
32038	-15310	Undirected	5.0
32038	1219	Undirected	7.0
32038	-490206	Undirected	4.0
32038	95298	Undirected	5.0
32038	109944	Undirected	5.0
32038	-413886	Undirected	7.0
32038	-490101	Undirected	5.0
32038	84353	Undirected	5.0
32038	-306305	Undirected	4.0
32038	4049	Undirected	5.0
32038	-413145	Undirected	4.0
32038	-437992	Undirected	4.0
32038	92734	Undirected	4.0
32038	98490	Undirected	4.0
32038	48693	Undirected	4.0
32038	21216	Undirected	4.0
32038	105984	Undirected	5.0
32038	-124389	Undirected	4.0
32038	-86369	Undirected	4.0
32038	-56090	Undirected	4.0
32038	12295	Undirected	5.0
32038	-188970	Undirected	4.0
32038	-372746	Undirected	4.0
32038	83269	Undirected	4.0
32038	78580	Undirected	4.0
32038	-104233	Undirected	4.0
32038	6532	Undirected	4.0
32038	12808	Undirected	4.0
32038	-456155	Undirected	5.0
32038	3618	Undirected	4.0
32038	34988	Undirected	5.0
32038	95645	Undirected	5.0
32038	-224585	Undirected	4.0
32038	44685	Undirected	4.0
32038	-196384	Undirected	5.0
32038	-120186	Undirected	4.0
32038	-81804	Undirected	4.0
32038	-248332	Undirected	4.0
32038	117687	Undirected	5.0
32038	-244010	Undirected	4.0
32038	126697	Undirected	4.0
32038	56861	Undirected	4.0
32038	98571	Undirected	4.0
32038	56494	Undirected	4.0
32038	43613	Undirected	4.0
32038	-412209	Undirected	4.0
32038	-504137	Undirected	4.0
32038	108593	Undirected	4.0
32038	101281	Undirected	5.0
32038	-140023	Undirected	4.0
32038	48889	Undirected	4.0
32038	-435967	Undirected	4.0
32038	-437916	Undirected	5.0
32038	-11028	Undirected	4.0
32038	36017	Undirected	5.0
32038	-114894	Undirected	4.0
32038	80062	Undirected	4.0
32038	-443602	Undirected	4.0
32038	123849	Undirected	4.0
32038	78277	Undirected	4.0
32038	128838	Undirected	4.0
32038	-462042	Undirected	4.0
32038	13969	Undirected	4.0
32038	-421541	Undirected	4.0
32038	15654	Undirected	4.0
32038	120065	Undirected	4.0
32038	-160495	Undirected	4.0
32038	-118249	Undirected	4.0
32038	-115191	Undirected	4.0
107620	120114	Undirected	5.0
107620	122272	Undirected	5.0
107620	-99600	Undirected	5.0
107620	-2886	Undirected	5.0
107620	81544	Undirected	5.0
107620	-490101	Undirected	4.0
120114	122272	Undirected	5.0
120114	-99600	Undirected	5.0
120114	-2886	Undirected	5.0
120114	81544	Undirected	5.0
120114	-490101	Undirected	4.0
122272	-99600	Undirected	5.0
122272	-2886	Undirected	7.0
122272	81544	Undirected	6.0
122272	-413931	Undirected	5.0
122272	112609	Undirected	4.0
122272	-407759	Undirected	5.0
122272	-86618	Undirected	5.0
122272	-17480	Undirected	5.0
122272	10417	Undirected	4.0
122272	66486	Undirected	4.0
122272	90240	Undirected	4.0
122272	52947	Undirected	4.0
122272	106001	Undirected	4.0
122272	113229	Undirected	4.0
122272	-403839	Undirected	4.0
122272	-504552	Undirected	4.0
122272	-503185	Undirected	4.0
122272	-521838	Undirected	4.0
122272	80313	Undirected	4.0
122272	71248	Undirected	4.0
122272	29862	Undirected	4.0
122272	125669	Undirected	6.0
122272	61541	Undirected	4.0
122272	1488	Undirected	7.0
122272	29307	Undirected	5.0
122272	49138	Undirected	4.0
122272	52422	Undirected	4.0
122272	-17448	Undirected	4.0
122272	6610	Undirected	4.0
122272	-258048	Undirected	4.0
122272	22235	Undirected	4.0
122272	-404511	Undirected	4.0
122272	-404614	Undirected	4.0
122272	21502	Undirected	4.0
122272	109935	Undirected	5.0
122272	-449695	Undirected	4.0
122272	70990	Undirected	4.0
122272	-449009	Undirected	4.0
122272	-255930	Undirected	5.0
122272	53920	Undirected	4.0
122272	-193871	Undirected	4.0
122272	-181125	Undirected	4.0
122272	-11556	Undirected	5.0
122272	77499	Undirected	4.0
122272	-102334	Undirected	4.0
122272	97244	Undirected	4.0
122272	-394547	Undirected	4.0
122272	29870	Undirected	4.0
122272	57066	Undirected	6.0
122272	58293	Undirected	5.0
122272	68959	Undirected	5.0
122272	10387	Undirected	5.0
122272	76625	Undirected	4.0
122272	-418321	Undirected	4.0
122272	4468	Undirected	4.0
122272	13520	Undirected	5.0
122272	-373614	Undirected	4.0
122272	-389788	Undirected	4.0
122272	-398594	Undirected	4.0
122272	-413184	Undirected	4.0
122272	-120370	Undirected	4.0
122272	-116694	Undirected	4.0
122272	-15330	Undirected	5.0
122272	-14717	Undirected	5.0
122272	-15488	Undirected	4.0
122272	-15310	Undirected	4.0
122272	1219	Undirected	6.0
122272	-490206	Undirected	4.0
122272	95298	Undirected	5.0
122272	109944	Undirected	4.0
122272	-413886	Undirected	7.0
122272	29766	Undirected	4.0
122272	-490101	Undirected	5.0
122272	84353	Undirected	4.0
122272	44245	Undirected	4.0
122272	-306305	Undirected	4.0
122272	4049	Undirected	4.0
122272	-108516	Undirected	4.0
122272	98121	Undirected	4.0
122272	-413145	Undirected	4.0
122272	-437992	Undirected	4.0
122272	92734	Undirected	4.0
122272	98490	Undirected	4.0
122272	48693	Undirected	4.0
122272	21216	Undirected	4.0
122272	105984	Undirected	4.0
122272	-124389	Undirected	4.0
122272	-86369	Undirected	4.0
122272	-56090	Undirected	4.0
122272	12295	Undirected	4.0
122272	-456155	Undirected	4.0
122272	95645	Undirected	4.0
122272	-196384	Undirected	4.0
122272	117687	Undirected	5.0
122272	98571	Undirected	4.0
122272	56494	Undirected	4.0
122272	43613	Undirected	4.0
122272	-412209	Undirected	4.0
122272	-504137	Undirected	4.0
122272	101281	Undirected	4.0
122272	-211404	Undirected	4.0
-99600	-2886	Undirected	5.0
-99600	81544	Undirected	5.0
-99600	-490101	Undirected	4.0
-2886	81544	Undirected	5.0
-2886	29356	Undirected	4.0
-2886	71248	Undirected	4.0
-2886	125669	Undirected	5.0
-2886	61541	Undirected	5.0
-2886	1488	Undirected	6.0
-2886	29307	Undirected	7.0
-2886	49138	Undirected	7.0
-2886	52422	Undirected	7.0
-2886	-17448	Undirected	7.0
-2886	-258048	Undirected	4.0
-2886	22235	Undirected	4.0
-2886	-404511	Undirected	4.0
-2886	-404614	Undirected	4.0
-2886	21502	Undirected	4.0
-2886	109935	Undirected	4.0
-2886	-449695	Undirected	4.0
-2886	70990	Undirected	4.0
-2886	-449009	Undirected	4.0
-2886	-255930	Undirected	4.0
-2886	12495	Undirected	4.0
-2886	53920	Undirected	4.0
-2886	-193871	Undirected	4.0
-2886	-181125	Undirected	4.0
-2886	-11556	Undirected	4.0
-2886	77499	Undirected	4.0
-2886	-102334	Undirected	4.0
-2886	97244	Undirected	4.0
-2886	-394547	Undirected	4.0
-2886	29870	Undirected	4.0
-2886	57066	Undirected	4.0
-2886	58293	Undirected	5.0
-2886	68959	Undirected	4.0
-2886	10387	Undirected	4.0
-2886	76625	Undirected	4.0
-2886	-418321	Undirected	4.0
-2886	4468	Undirected	4.0
-2886	13520	Undirected	4.0
-2886	-373614	Undirected	4.0
-2886	-389788	Undirected	4.0
-2886	-398594	Undirected	4.0
-2886	-413184	Undirected	4.0
-2886	-120370	Undirected	4.0
-2886	-116694	Undirected	4.0
-2886	-15330	Undirected	4.0
-2886	-14717	Undirected	4.0
-2886	-15488	Undirected	4.0
-2886	-15310	Undirected	4.0
-2886	1219	Undirected	5.0
-2886	-283858	Undirected	4.0
-2886	-490206	Undirected	4.0
-2886	-413886	Undirected	5.0
-2886	-490101	Undirected	5.0
-2886	97680	Undirected	4.0
-2886	84353	Undirected	5.0
-2886	-306305	Undirected	4.0
-2886	4049	Undirected	4.0
-2886	-413145	Undirected	4.0
-2886	-437992	Undirected	4.0
-2886	92734	Undirected	4.0
-2886	98490	Undirected	4.0
-2886	48693	Undirected	4.0
-2886	21216	Undirected	4.0
-2886	105984	Undirected	4.0
-2886	-124389	Undirected	4.0
-2886	-86369	Undirected	4.0
-2886	-56090	Undirected	4.0
-2886	78580	Undirected	4.0
-2886	-104233	Undirected	4.0
-2886	-456155	Undirected	4.0
-2886	117687	Undirected	4.0
-2886	13969	Undirected	4.0
-2886	-421541	Undirected	4.0
81544	68959	Undirected	4.0
81544	-490101	Undirected	4.0
81544	62200	Undirected	4.0
81544	-458510	Undirected	4.0
81544	-12991	Undirected	4.0
-413931	112609	Undirected	6.0
-413931	-407759	Undirected	10.0
-413931	-205720	Undirected	6.0
-413931	-185192	Undirected	6.0
-413931	-184797	Undirected	6.0
-413931	-90040	Undirected	6.0
-413931	-86618	Undirected	11.0
-413931	-17480	Undirected	11.0
-413931	10417	Undirected	5.0
-413931	66486	Undirected	5.0
-413931	90240	Undirected	5.0
-413931	52947	Undirected	5.0
-413931	106001	Undirected	5.0
-413931	113229	Undirected	5.0
-413931	-403839	Undirected	5.0
-413931	-504552	Undirected	5.0
-413931	-503185	Undirected	5.0
-413931	-521838	Undirected	5.0
-413931	80313	Undirected	5.0
-413931	71248	Undirected	6.0
-413931	29862	Undirected	5.0
-413931	125669	Undirected	6.0
-413931	61541	Undirected	4.0
-413931	1488	Undirected	6.0
-413931	29307	Undirected	5.0
-413931	6610	Undirected	5.0
-413931	14179	Undirected	4.0
-413931	109935	Undirected	4.0
-413931	127556	Undirected	4.0
-413931	-283417	Undirected	4.0
-413931	61354	Undirected	4.0
-413931	104689	Undirected	4.0
-413931	71185	Undirected	4.0
-413931	-255930	Undirected	5.0
-413931	57066	Undirected	4.0
-413931	68959	Undirected	4.0
-413931	10387	Undirected	7.0
-413931	76625	Undirected	5.0
-413931	-418321	Undirected	5.0
-413931	4468	Undirected	5.0
-413931	13520	Undirected	7.0
-413931	-373614	Undirected	6.0
-413931	-389788	Undirected	6.0
-413931	-398594	Undirected	5.0
-413931	-413184	Undirected	5.0
-413931	-120370	Undirected	5.0
-413931	-116694	Undirected	5.0
-413931	-15330	Undirected	6.0
-413931	-14717	Undirected	6.0
-413931	-15488	Undirected	5.0
-413931	-15310	Undirected	5.0
-413931	1219	Undirected	6.0
-413931	53225	Undirected	5.0
-413931	-184416	Undirected	5.0
-413931	-128539	Undirected	5.0
-413931	65742	Undirected	5.0
-413931	95298	Undirected	6.0
-413931	5628	Undirected	4.0
-413931	109944	Undirected	4.0
-413931	-413886	Undirected	6.0
-413931	29766	Undirected	4.0
-413931	106527	Undirected	4.0
-413931	84353	Undirected	5.0
-413931	4049	Undirected	5.0
-413931	110493	Undirected	4.0
-413931	98121	Undirected	4.0
-413931	102972	Undirected	4.0
-413931	-188970	Undirected	4.0
-413931	6728	Undirected	5.0
-413931	-153810	Undirected	4.0
-413931	-456155	Undirected	4.0
-413931	3618	Undirected	5.0
-413931	34988	Undirected	6.0
-413931	-14173	Undirected	4.0
-413931	-89055	Undirected	4.0
-413931	95645	Undirected	4.0
-413931	-224585	Undirected	6.0
-413931	56426	Undirected	5.0
-413931	44685	Undirected	5.0
-413931	-196384	Undirected	4.0
-413931	117687	Undirected	5.0
-413931	-244010	Undirected	5.0
-413931	126697	Undirected	5.0
-413931	120139	Undirected	4.0
-413931	56494	Undirected	5.0
-413931	43613	Undirected	5.0
-413931	-412209	Undirected	7.0
-413931	-362298	Undirected	4.0
-413931	75481	Undirected	4.0
-413931	-504137	Undirected	5.0
-413931	-116873	Undirected	5.0
-413931	108593	Undirected	4.0
-413931	101281	Undirected	6.0
-413931	-140023	Undirected	6.0
-413931	48889	Undirected	5.0
-413931	-417821	Undirected	5.0
-413931	-423371	Undirected	5.0
-413931	-435967	Undirected	6.0
-413931	-437916	Undirected	5.0
-413931	28147	Undirected	5.0
-413931	124382	Undirected	5.0
-413931	-271973	Undirected	5.0
-413931	-160778	Undirected	5.0
-413931	-156057	Undirected	5.0
-413931	-125228	Undirected	5.0
-413931	-117033	Undirected	5.0
-413931	-108747	Undirected	5.0
-413931	-91059	Undirected	5.0
-413931	-88127	Undirected	5.0
-413931	-88121	Undirected	5.0
-413931	-17477	Undirected	5.0
-413931	-11250	Undirected	5.0
-413931	-3249	Undirected	5.0
-413931	83362	Undirected	5.0
-413931	-533001	Undirected	5.0
-413931	-545013	Undirected	5.0
-413931	117283	Undirected	5.0
-413931	-460230	Undirected	5.0
-413931	36017	Undirected	4.0
-413931	-467365	Undirected	4.0
-413931	10318	Undirected	4.0
-413931	-114894	Undirected	4.0
-413931	-87106	Undirected	4.0
-413931	-414546	Undirected	4.0
-413931	-461902	Undirected	4.0
-413931	80062	Undirected	4.0
-413931	-443602	Undirected	4.0
-413931	123849	Undirected	4.0
-413931	78277	Undirected	4.0
-413931	128838	Undirected	4.0
-413931	-462042	Undirected	4.0
-413931	15654	Undirected	4.0
-413931	120065	Undirected	4.0
-413931	-160495	Undirected	4.0
-413931	-118249	Undirected	4.0
-413931	-115191	Undirected	4.0
112609	-407759	Undirected	6.0
112609	-205720	Undirected	6.0
112609	-185192	Undirected	6.0
112609	-184797	Undirected	6.0
112609	-90040	Undirected	6.0
112609	-86618	Undirected	6.0
112609	-17480	Undirected	7.0
112609	10417	Undirected	4.0
112609	66486	Undirected	5.0
112609	90240	Undirected	4.0
112609	52947	Undirected	4.0
112609	106001	Undirected	4.0
112609	113229	Undirected	4.0
112609	-403839	Undirected	5.0
112609	-504552	Undirected	4.0
112609	-503185	Undirected	4.0
112609	-521838	Undirected	4.0
112609	71248	Undirected	8.0
112609	125669	Undirected	5.0
112609	1488	Undirected	4.0
112609	29307	Undirected	4.0
112609	-255930	Undirected	5.0
112609	10387	Undirected	5.0
112609	76625	Undirected	5.0
112609	-418321	Undirected	4.0
112609	4468	Undirected	4.0
112609	13520	Undirected	4.0
112609	-373614	Undirected	4.0
112609	-389788	Undirected	4.0
112609	-398594	Undirected	4.0
112609	-413184	Undirected	4.0
112609	-120370	Undirected	4.0
112609	-116694	Undirected	4.0
112609	-15330	Undirected	4.0
112609	-14717	Undirected	4.0
112609	-15488	Undirected	4.0
112609	-15310	Undirected	4.0
112609	1219	Undirected	4.0
112609	53225	Undirected	5.0
112609	-184416	Undirected	5.0
112609	-128539	Undirected	5.0
112609	65742	Undirected	5.0
112609	95298	Undirected	4.0
112609	5628	Undirected	4.0
112609	-413886	Undirected	6.0
112609	-304040	Undirected	4.0
112609	84353	Undirected	4.0
112609	110493	Undirected	5.0
112609	98121	Undirected	4.0
112609	9858	Undirected	4.0
112609	88857	Undirected	4.0
112609	56494	Undirected	4.0
112609	-116561	Undirected	4.0
112609	82502	Undirected	4.0
112609	73961	Undirected	4.0
112609	112700	Undirected	4.0
112609	75481	Undirected	4.0
112609	-116873	Undirected	4.0
112609	36903	Undirected	4.0
112609	56489	Undirected	6.0
112609	72673	Undirected	6.0
112609	-430605	Undirected	6.0
112609	-118399	Undirected	6.0
112609	-99052	Undirected	6.0
112609	-106888	Undirected	6.0
112609	-41635	Undirected	6.0
112609	114536	Undirected	6.0
112609	-430606	Undirected	6.0
112609	101281	Undirected	7.0
112609	-367917	Undirected	6.0
112609	-467365	Undirected	4.0
-407759	-205720	Undirected	6.0
-407759	-185192	Undirected	6.0
-407759	-184797	Undirected	6.0
-407759	-90040	Undirected	6.0
-407759	-86618	Undirected	10.0
-407759	-17480	Undirected	10.0
-407759	10417	Undirected	5.0
-407759	66486	Undirected	5.0
-407759	90240	Undirected	5.0
-407759	52947	Undirected	5.0
-407759	106001	Undirected	5.0
-407759	113229	Undirected	5.0
-407759	-403839	Undirected	5.0
-407759	-504552	Undirected	5.0
-407759	-503185	Undirected	5.0
-407759	-521838	Undirected	5.0
-407759	80313	Undirected	5.0
-407759	71248	Undirected	6.0
-407759	29862	Undirected	5.0
-407759	125669	Undirected	6.0
-407759	61541	Undirected	4.0
-407759	1488	Undirected	6.0
-407759	29307	Undirected	5.0
-407759	6610	Undirected	5.0
-407759	14179	Undirected	4.0
-407759	109935	Undirected	4.0
-407759	127556	Undirected	4.0
-407759	-283417	Undirected	4.0
-407759	61354	Undirected	4.0
-407759	104689	Undirected	4.0
-407759	71185	Undirected	4.0
-407759	-255930	Undirected	5.0
-407759	57066	Undirected	4.0
-407759	68959	Undirected	4.0
-407759	10387	Undirected	7.0
-407759	76625	Undirected	5.0
-407759	-418321	Undirected	5.0
-407759	4468	Undirected	5.0
-407759	13520	Undirected	7.0
-407759	-373614	Undirected	6.0
-407759	-389788	Undirected	6.0
-407759	-398594	Undirected	5.0
-407759	-413184	Undirected	5.0
-407759	-120370	Undirected	5.0
-407759	-116694	Undirected	5.0
-407759	-15330	Undirected	6.0
-407759	-14717	Undirected	6.0
-407759	-15488	Undirected	5.0
-407759	-15310	Undirected	5.0
-407759	1219	Undirected	6.0
-407759	53225	Undirected	5.0
-407759	-184416	Undirected	5.0
-407759	-128539	Undirected	5.0
-407759	65742	Undirected	5.0
-407759	95298	Undirected	6.0
-407759	5628	Undirected	4.0
-407759	109944	Undirected	4.0
-407759	-413886	Undirected	6.0
-407759	29766	Undirected	4.0
-407759	106527	Undirected	4.0
-407759	84353	Undirected	5.0
-407759	4049	Undirected	5.0
-407759	110493	Undirected	4.0
-407759	98121	Undirected	4.0
-407759	-188970	Undirected	4.0
-407759	6728	Undirected	4.0
-407759	-456155	Undirected	4.0
-407759	3618	Undirected	4.0
-407759	34988	Undirected	6.0
-407759	-14173	Undirected	4.0
-407759	-89055	Undirected	4.0
-407759	95645	Undirected	4.0
-407759	-224585	Undirected	6.0
-407759	56426	Undirected	5.0
-407759	44685	Undirected	5.0
-407759	-196384	Undirected	4.0
-407759	117687	Undirected	5.0
-407759	-244010	Undirected	4.0
-407759	126697	Undirected	4.0
-407759	56494	Undirected	5.0
-407759	43613	Undirected	5.0
-407759	-412209	Undirected	6.0
-407759	-362298	Undirected	4.0
-407759	75481	Undirected	4.0
-407759	-504137	Undirected	5.0
-407759	-116873	Undirected	5.0
-407759	108593	Undirected	4.0
-407759	101281	Undirected	6.0
-407759	-140023	Undirected	5.0
-407759	48889	Undirected	5.0
-407759	-417821	Undirected	5.0
-407759	-423371	Undirected	5.0
-407759	-435967	Undirected	6.0
-407759	-437916	Undirected	5.0
-407759	28147	Undirected	5.0
-407759	124382	Undirected	5.0
-407759	-271973	Undirected	5.0
-407759	-160778	Undirected	5.0
-407759	-156057	Undirected	5.0
-407759	-125228	Undirected	5.0
-407759	-117033	Undirected	5.0
-407759	-108747	Undirected	5.0
-407759	-91059	Undirected	5.0
-407759	-88127	Undirected	5.0
-407759	-88121	Undirected	5.0
-407759	-17477	Undirected	5.0
-407759	-11250	Undirected	5.0
-407759	-3249	Undirected	5.0
-407759	83362	Undirected	5.0
-407759	-533001	Undirected	5.0
-407759	-545013	Undirected	5.0
-407759	117283	Undirected	4.0
-407759	-460230	Undirected	4.0
-407759	36017	Undirected	4.0
-407759	-467365	Undirected	4.0
-407759	-114894	Undirected	4.0
-407759	80062	Undirected	4.0
-407759	-443602	Undirected	4.0
-407759	123849	Undirected	4.0
-407759	78277	Undirected	4.0
-407759	128838	Undirected	4.0
-407759	-462042	Undirected	4.0
-407759	15654	Undirected	4.0
-407759	120065	Undirected	4.0
-407759	-160495	Undirected	4.0
-407759	-118249	Undirected	4.0
-407759	-115191	Undirected	4.0
-205720	-185192	Undirected	6.0
-205720	-184797	Undirected	6.0
-205720	-90040	Undirected	6.0
-205720	-86618	Undirected	6.0
-205720	-17480	Undirected	6.0
-205720	10417	Undirected	4.0
-205720	66486	Undirected	4.0
-205720	90240	Undirected	4.0
-205720	52947	Undirected	4.0
-205720	106001	Undirected	4.0
-205720	113229	Undirected	4.0
-205720	-403839	Undirected	4.0
-205720	-504552	Undirected	4.0
-205720	-503185	Undirected	4.0
-205720	-521838	Undirected	4.0
-205720	71248	Undirected	5.0
-205720	1488	Undirected	4.0
-205720	-255930	Undirected	4.0
-205720	53225	Undirected	5.0
-205720	-184416	Undirected	5.0
-205720	-128539	Undirected	5.0
-205720	65742	Undirected	5.0
-205720	95298	Undirected	4.0
-205720	5628	Undirected	4.0
-205720	-413886	Undirected	4.0
-205720	110493	Undirected	4.0
-205720	98121	Undirected	4.0
-205720	56494	Undirected	4.0
-205720	101281	Undirected	4.0
-185192	-184797	Undirected	6.0
-185192	-90040	Undirected	6.0
-185192	-86618	Undirected	6.0
-185192	-17480	Undirected	6.0
-185192	10417	Undirected	4.0
-185192	66486	Undirected	4.0
-185192	90240	Undirected	4.0
-185192	52947	Undirected	4.0
-185192	106001	Undirected	4.0
-185192	113229	Undirected	4.0
-185192	-403839	Undirected	4.0
-185192	-504552	Undirected	4.0
-185192	-503185	Undirected	4.0
-185192	-521838	Undirected	4.0
-185192	71248	Undirected	5.0
-185192	1488	Undirected	4.0
-185192	-255930	Undirected	4.0
-185192	53225	Undirected	5.0
-185192	-184416	Undirected	5.0
-185192	-128539	Undirected	5.0
-185192	65742	Undirected	5.0
-185192	95298	Undirected	4.0
-185192	5628	Undirected	4.0
-185192	-413886	Undirected	4.0
-185192	110493	Undirected	6.0
-185192	-212026	Undirected	5.0
-185192	-436064	Undirected	5.0
-185192	-176340	Undirected	5.0
-185192	-172854	Undirected	5.0
-185192	-108516	Undirected	5.0
-185192	-3154	Undirected	5.0
-185192	98121	Undirected	6.0
-185192	-425306	Undirected	5.0
-185192	114524	Undirected	5.0
-185192	56494	Undirected	4.0
-185192	101281	Undirected	4.0
-184797	-90040	Undirected	6.0
-184797	-86618	Undirected	6.0
-184797	-17480	Undirected	6.0
-184797	10417	Undirected	4.0
-184797	66486	Undirected	4.0
-184797	90240	Undirected	4.0
-184797	52947	Undirected	4.0
-184797	106001	Undirected	4.0
-184797	113229	Undirected	4.0
-184797	-403839	Undirected	4.0
-184797	-504552	Undirected	4.0
-184797	-503185	Undirected	4.0
-184797	-521838	Undirected	4.0
-184797	71248	Undirected	5.0
-184797	1488	Undirected	4.0
-184797	-255930	Undirected	4.0
-184797	53225	Undirected	5.0
-184797	-184416	Undirected	5.0
-184797	-128539	Undirected	5.0
-184797	65742	Undirected	5.0
-184797	95298	Undirected	4.0
-184797	5628	Undirected	4.0
-184797	-413886	Undirected	4.0
-184797	110493	Undirected	4.0
-184797	98121	Undirected	4.0
-184797	56494	Undirected	4.0
-184797	101281	Undirected	4.0
-90040	-86618	Undirected	6.0
-90040	-17480	Undirected	6.0
-90040	10417	Undirected	4.0
-90040	66486	Undirected	4.0
-90040	90240	Undirected	4.0
-90040	52947	Undirected	4.0
-90040	106001	Undirected	4.0
-90040	113229	Undirected	4.0
-90040	-403839	Undirected	4.0
-90040	-504552	Undirected	4.0
-90040	-503185	Undirected	4.0
-90040	-521838	Undirected	4.0
-90040	29356	Undirected	4.0
-90040	71248	Undirected	5.0
-90040	125669	Undirected	4.0
-90040	1488	Undirected	4.0
-90040	29307	Undirected	4.0
-90040	-255930	Undirected	4.0
-90040	10387	Undirected	4.0
-90040	76625	Undirected	4.0
-90040	-283858	Undirected	4.0
-90040	53225	Undirected	5.0
-90040	-184416	Undirected	5.0
-90040	-128539	Undirected	5.0
-90040	65742	Undirected	5.0
-90040	95298	Undirected	4.0
-90040	5628	Undirected	4.0
-90040	-413886	Undirected	4.0
-90040	110493	Undirected	6.0
-90040	-436064	Undirected	6.0
-90040	98121	Undirected	7.0
-90040	6728	Undirected	4.0
-90040	-153810	Undirected	4.0
-90040	56426	Undirected	4.0
-90040	44685	Undirected	4.0
-90040	-150346	Undirected	4.0
-90040	88857	Undirected	4.0
-90040	-154535	Undirected	4.0
-90040	103969	Undirected	4.0
-90040	56494	Undirected	4.0
-90040	101281	Undirected	4.0
-86618	-17480	Undirected	11.0
-86618	10417	Undirected	5.0
-86618	66486	Undirected	5.0
-86618	90240	Undirected	5.0
-86618	52947	Undirected	5.0
-86618	106001	Undirected	5.0
-86618	113229	Undirected	5.0
-86618	-403839	Undirected	5.0
-86618	-504552	Undirected	5.0
-86618	-503185	Undirected	5.0
-86618	-521838	Undirected	5.0
-86618	80313	Undirected	5.0
-86618	71248	Undirected	6.0
-86618	29862	Undirected	5.0
-86618	125669	Undirected	6.0
-86618	61541	Undirected	4.0
-86618	1488	Undirected	6.0
-86618	29307	Undirected	5.0
-86618	6610	Undirected	5.0
-86618	14179	Undirected	4.0
-86618	109935	Undirected	4.0
-86618	127556	Undirected	4.0
-86618	-283417	Undirected	4.0
-86618	61354	Undirected	4.0
-86618	104689	Undirected	4.0
-86618	71185	Undirected	4.0
-86618	-255930	Undirected	5.0
-86618	57066	Undirected	4.0
-86618	68959	Undirected	4.0
-86618	10387	Undirected	7.0
-86618	76625	Undirected	5.0
-86618	-418321	Undirected	5.0
-86618	4468	Undirected	5.0
-86618	13520	Undirected	7.0
-86618	-373614	Undirected	6.0
-86618	-389788	Undirected	6.0
-86618	-398594	Undirected	5.0
-86618	-413184	Undirected	5.0
-86618	-120370	Undirected	5.0
-86618	-116694	Undirected	5.0
-86618	-15330	Undirected	6.0
-86618	-14717	Undirected	6.0
-86618	-15488	Undirected	5.0
-86618	-15310	Undirected	5.0
-86618	1219	Undirected	6.0
-86618	53225	Undirected	5.0
-86618	-184416	Undirected	5.0
-86618	-128539	Undirected	5.0
-86618	65742	Undirected	5.0
-86618	95298	Undirected	6.0
-86618	5628	Undirected	4.0
-86618	109944	Undirected	4.0
-86618	-413886	Undirected	6.0
-86618	29766	Undirected	4.0
-86618	106527	Undirected	4.0
-86618	84353	Undirected	5.0
-86618	4049	Undirected	5.0
-86618	110493	Undirected	4.0
-86618	98121	Undirected	4.0
-86618	102972	Undirected	4.0
-86618	-188970	Undirected	4.0
-86618	6728	Undirected	5.0
-86618	-153810	Undirected	4.0
-86618	-456155	Undirected	4.0
-86618	3618	Undirected	5.0
-86618	34988	Undirected	6.0
-86618	-14173	Undirected	4.0
-86618	-89055	Undirected	4.0
-86618	95645	Undirected	4.0
-86618	-224585	Undirected	6.0
-86618	56426	Undirected	5.0
-86618	44685	Undirected	5.0
-86618	-196384	Undirected	4.0
-86618	117687	Undirected	5.0
-86618	-244010	Undirected	5.0
-86618	126697	Undirected	5.0
-86618	120139	Undirected	4.0
-86618	56494	Undirected	5.0
-86618	43613	Undirected	5.0
-86618	-412209	Undirected	7.0
-86618	-362298	Undirected	4.0
-86618	75481	Undirected	4.0
-86618	-504137	Undirected	5.0
-86618	-116873	Undirected	5.0
-86618	108593	Undirected	4.0
-86618	101281	Undirected	6.0
-86618	-140023	Undirected	6.0
-86618	48889	Undirected	5.0
-86618	-417821	Undirected	5.0
-86618	-423371	Undirected	5.0
-86618	-435967	Undirected	6.0
-86618	-437916	Undirected	5.0
-86618	28147	Undirected	5.0
-86618	124382	Undirected	5.0
-86618	-271973	Undirected	5.0
-86618	-160778	Undirected	5.0
-86618	-156057	Undirected	5.0
-86618	-125228	Undirected	5.0
-86618	-117033	Undirected	5.0
-86618	-108747	Undirected	5.0
-86618	-91059	Undirected	5.0
-86618	-88127	Undirected	5.0
-86618	-88121	Undirected	5.0
-86618	-17477	Undirected	5.0
-86618	-11250	Undirected	5.0
-86618	-3249	Undirected	5.0
-86618	83362	Undirected	5.0
-86618	-533001	Undirected	5.0
-86618	-545013	Undirected	5.0
-86618	117283	Undirected	5.0
-86618	-460230	Undirected	5.0
-86618	36017	Undirected	4.0
-86618	-467365	Undirected	4.0
-86618	10318	Undirected	4.0
-86618	-114894	Undirected	4.0
-86618	-87106	Undirected	4.0
-86618	-414546	Undirected	4.0
-86618	-461902	Undirected	4.0
-86618	80062	Undirected	4.0
-86618	-443602	Undirected	4.0
-86618	123849	Undirected	4.0
-86618	78277	Undirected	4.0
-86618	128838	Undirected	4.0
-86618	-462042	Undirected	4.0
-86618	15654	Undirected	4.0
-86618	120065	Undirected	4.0
-86618	-160495	Undirected	4.0
-86618	-118249	Undirected	4.0
-86618	-115191	Undirected	4.0
-17480	10417	Undirected	5.0
-17480	66486	Undirected	6.0
-17480	90240	Undirected	5.0
-17480	52947	Undirected	5.0
-17480	106001	Undirected	5.0
-17480	113229	Undirected	5.0
-17480	-403839	Undirected	6.0
-17480	-504552	Undirected	5.0
-17480	-503185	Undirected	5.0
-17480	-521838	Undirected	5.0
-17480	80313	Undirected	5.0
-17480	71248	Undirected	7.0
-17480	29862	Undirected	5.0
-17480	125669	Undirected	7.0
-17480	61541	Undirected	4.0
-17480	1488	Undirected	6.0
-17480	29307	Undirected	5.0
-17480	6610	Undirected	5.0
-17480	14179	Undirected	4.0
-17480	109935	Undirected	4.0
-17480	127556	Undirected	4.0
-17480	-283417	Undirected	4.0
-17480	61354	Undirected	4.0
-17480	104689	Undirected	4.0
-17480	71185	Undirected	4.0
-17480	-255930	Undirected	5.0
-17480	57066	Undirected	4.0
-17480	68959	Undirected	4.0
-17480	10387	Undirected	8.0
-17480	76625	Undirected	6.0
-17480	-418321	Undirected	5.0
-17480	4468	Undirected	5.0
-17480	13520	Undirected	7.0
-17480	-373614	Undirected	6.0
-17480	-389788	Undirected	6.0
-17480	-398594	Undirected	5.0
-17480	-413184	Undirected	5.0
-17480	-120370	Undirected	5.0
-17480	-116694	Undirected	5.0
-17480	-15330	Undirected	6.0
-17480	-14717	Undirected	6.0
-17480	-15488	Undirected	5.0
-17480	-15310	Undirected	5.0
-17480	1219	Undirected	6.0
-17480	53225	Undirected	5.0
-17480	-184416	Undirected	5.0
-17480	-128539	Undirected	5.0
-17480	65742	Undirected	5.0
-17480	95298	Undirected	6.0
-17480	5628	Undirected	4.0
-17480	109944	Undirected	4.0
-17480	-413886	Undirected	7.0
-17480	-304040	Undirected	4.0
-17480	29766	Undirected	4.0
-17480	106527	Undirected	4.0
-17480	84353	Undirected	6.0
-17480	4049	Undirected	5.0
-17480	110493	Undirected	5.0
-17480	98121	Undirected	4.0
-17480	102972	Undirected	4.0
-17480	-188970	Undirected	4.0
-17480	6728	Undirected	5.0
-17480	-153810	Undirected	4.0
-17480	-456155	Undirected	4.0
-17480	3618	Undirected	5.0
-17480	34988	Undirected	6.0
-17480	-14173	Undirected	4.0
-17480	-89055	Undirected	4.0
-17480	95645	Undirected	4.0
-17480	-224585	Undirected	6.0
-17480	56426	Undirected	5.0
-17480	44685	Undirected	5.0
-17480	88857	Undirected	4.0
-17480	-196384	Undirected	4.0
-17480	117687	Undirected	5.0
-17480	-244010	Undirected	5.0
-17480	126697	Undirected	5.0
-17480	120139	Undirected	4.0
-17480	56494	Undirected	5.0
-17480	43613	Undirected	5.0
-17480	-412209	Undirected	7.0
-17480	-116561	Undirected	4.0
-17480	82502	Undirected	4.0
-17480	73961	Undirected	4.0
-17480	112700	Undirected	4.0
-17480	-362298	Undirected	5.0
-17480	75481	Undirected	5.0
-17480	-504137	Undirected	5.0
-17480	-116873	Undirected	6.0
-17480	36903	Undirected	4.0
-17480	108593	Undirected	4.0
-17480	56489	Undirected	4.0
-17480	72673	Undirected	4.0
-17480	-430605	Undirected	4.0
-17480	-118399	Undirected	4.0
-17480	-99052	Undirected	4.0
-17480	-106888	Undirected	4.0
-17480	-41635	Undirected	4.0
-17480	114536	Undirected	4.0
-17480	-430606	Undirected	4.0
-17480	101281	Undirected	7.0
-17480	-367917	Undirected	4.0
-17480	-140023	Undirected	6.0
-17480	48889	Undirected	5.0
-17480	-417821	Undirected	5.0
-17480	-423371	Undirected	5.0
-17480	-435967	Undirected	6.0
-17480	-437916	Undirected	5.0
-17480	28147	Undirected	5.0
-17480	124382	Undirected	5.0
-17480	-271973	Undirected	5.0
-17480	-160778	Undirected	5.0
-17480	-156057	Undirected	5.0
-17480	-125228	Undirected	5.0
-17480	-117033	Undirected	5.0
-17480	-108747	Undirected	5.0
-17480	-91059	Undirected	5.0
-17480	-88127	Undirected	5.0
-17480	-88121	Undirected	5.0
-17480	-17477	Undirected	5.0
-17480	-11250	Undirected	5.0
-17480	-3249	Undirected	5.0
-17480	83362	Undirected	5.0
-17480	-533001	Undirected	5.0
-17480	-545013	Undirected	5.0
-17480	117283	Undirected	5.0
-17480	-460230	Undirected	5.0
-17480	36017	Undirected	4.0
-17480	74172	Undirected	4.0
-17480	-467365	Undirected	5.0
-17480	10318	Undirected	4.0
-17480	-114894	Undirected	4.0
-17480	-87106	Undirected	4.0
-17480	-414546	Undirected	4.0
-17480	-461902	Undirected	4.0
-17480	80062	Undirected	4.0
-17480	-443602	Undirected	4.0
-17480	123849	Undirected	4.0
-17480	78277	Undirected	4.0
-17480	128838	Undirected	4.0
-17480	-462042	Undirected	4.0
-17480	15654	Undirected	4.0
-17480	120065	Undirected	4.0
-17480	-160495	Undirected	4.0
-17480	-118249	Undirected	4.0
-17480	-115191	Undirected	4.0
10417	66486	Undirected	8.0
10417	90240	Undirected	8.0
10417	52947	Undirected	8.0
10417	106001	Undirected	8.0
10417	113229	Undirected	8.0
10417	-403839	Undirected	8.0
10417	-504552	Undirected	8.0
10417	-503185	Undirected	8.0
10417	-521838	Undirected	8.0
10417	80313	Undirected	4.0
10417	29862	Undirected	4.0
10417	125669	Undirected	5.0
10417	1488	Undirected	5.0
10417	29307	Undirected	4.0
10417	6610	Undirected	4.0
10417	3262	Undirected	6.0
10417	-255930	Undirected	4.0
10417	57066	Undirected	4.0
10417	50450	Undirected	4.0
10417	-118653	Undirected	4.0
10417	-112385	Undirected	4.0
10417	10387	Undirected	4.0
10417	76625	Undirected	4.0
10417	13520	Undirected	4.0
10417	-15330	Undirected	4.0
10417	-14717	Undirected	4.0
10417	1219	Undirected	4.0
10417	95298	Undirected	5.0
10417	5628	Undirected	5.0
10417	-413886	Undirected	5.0
10417	-304040	Undirected	4.0
10417	29766	Undirected	4.0
10417	84353	Undirected	4.0
10417	-84373	Undirected	4.0
10417	44245	Undirected	4.0
10417	4049	Undirected	4.0
10417	110493	Undirected	5.0
10417	98121	Undirected	4.0
10417	6728	Undirected	5.0
10417	88857	Undirected	4.0
10417	117687	Undirected	4.0
10417	56494	Undirected	4.0
10417	43613	Undirected	5.0
10417	-412209	Undirected	5.0
10417	-504137	Undirected	4.0
10417	108593	Undirected	4.0
10417	-467365	Undirected	4.0
66486	90240	Undirected	8.0
66486	52947	Undirected	8.0
66486	106001	Undirected	8.0
66486	113229	Undirected	8.0
66486	-403839	Undirected	10.0
66486	-504552	Undirected	8.0
66486	-503185	Undirected	8.0
66486	-521838	Undirected	8.0
66486	76174	Undirected	4.0
66486	80313	Undirected	4.0
66486	71248	Undirected	4.0
66486	29862	Undirected	4.0
66486	125669	Undirected	6.0
66486	61541	Undirected	4.0
66486	1488	Undirected	6.0
66486	29307	Undirected	5.0
66486	6610	Undirected	4.0
66486	-283417	Undirected	4.0
66486	3262	Undirected	6.0
66486	-255930	Undirected	4.0
66486	115093	Undirected	4.0
66486	57066	Undirected	4.0
66486	50450	Undirected	4.0
66486	-118653	Undirected	4.0
66486	-112385	Undirected	4.0
66486	10387	Undirected	5.0
66486	76625	Undirected	5.0
66486	13520	Undirected	4.0
66486	-15330	Undirected	4.0
66486	-14717	Undirected	4.0
66486	1219	Undirected	4.0
66486	103439	Undirected	4.0
66486	116096	Undirected	4.0
66486	95298	Undirected	5.0
66486	5628	Undirected	6.0
66486	-413886	Undirected	6.0
66486	-304040	Undirected	7.0
66486	29766	Undirected	5.0
66486	97680	Undirected	4.0
66486	84353	Undirected	6.0
66486	77481	Undirected	4.0
66486	-84373	Undirected	5.0
66486	44245	Undirected	5.0
66486	82513	Undirected	4.0
66486	4049	Undirected	5.0
66486	110493	Undirected	6.0
66486	98121	Undirected	4.0
66486	6728	Undirected	5.0
66486	-456155	Undirected	4.0
66486	78398	Undirected	4.0
66486	88857	Undirected	5.0
66486	117687	Undirected	5.0
66486	56494	Undirected	4.0
66486	43613	Undirected	6.0
66486	-412209	Undirected	6.0
66486	-116561	Undirected	5.0
66486	82502	Undirected	5.0
66486	73961	Undirected	5.0
66486	112700	Undirected	5.0
66486	75481	Undirected	5.0
66486	-504137	Undirected	4.0
66486	40151	Undirected	4.0
66486	100961	Undirected	4.0
66486	22017	Undirected	4.0
66486	-116873	Undirected	5.0
66486	36903	Undirected	5.0
66486	87331	Undirected	5.0
66486	-136653	Undirected	5.0
66486	91663	Undirected	5.0
66486	54555	Undirected	5.0
66486	108593	Undirected	4.0
66486	101281	Undirected	4.0
66486	74172	Undirected	4.0
66486	-467365	Undirected	5.0
90240	52947	Undirected	8.0
90240	106001	Undirected	8.0
90240	113229	Undirected	8.0
90240	-403839	Undirected	8.0
90240	-504552	Undirected	8.0
90240	-503185	Undirected	8.0
90240	-521838	Undirected	8.0
90240	80313	Undirected	4.0
90240	29862	Undirected	4.0
90240	125669	Undirected	5.0
90240	1488	Undirected	5.0
90240	29307	Undirected	4.0
90240	6610	Undirected	4.0
90240	3262	Undirected	6.0
90240	-255930	Undirected	4.0
90240	57066	Undirected	4.0
90240	50450	Undirected	4.0
90240	-118653	Undirected	4.0
90240	-112385	Undirected	4.0
90240	10387	Undirected	4.0
90240	76625	Undirected	4.0
90240	13520	Undirected	4.0
90240	-15330	Undirected	4.0
90240	-14717	Undirected	4.0
90240	1219	Undirected	4.0
90240	95298	Undirected	5.0
90240	5628	Undirected	5.0
90240	-413886	Undirected	5.0
90240	-304040	Undirected	4.0
90240	29766	Undirected	4.0
90240	84353	Undirected	4.0
90240	-84373	Undirected	4.0
90240	44245	Undirected	4.0
90240	4049	Undirected	4.0
90240	110493	Undirected	5.0
90240	98121	Undirected	4.0
90240	6728	Undirected	5.0
90240	88857	Undirected	4.0
90240	117687	Undirected	4.0
90240	56494	Undirected	4.0
90240	43613	Undirected	5.0
90240	-412209	Undirected	5.0
90240	-504137	Undirected	4.0
90240	108593	Undirected	4.0
90240	-467365	Undirected	4.0
52947	106001	Undirected	8.0
52947	113229	Undirected	8.0
52947	-403839	Undirected	8.0
52947	-504552	Undirected	8.0
52947	-503185	Undirected	8.0
52947	-521838	Undirected	8.0
52947	80313	Undirected	4.0
52947	29862	Undirected	4.0
52947	125669	Undirected	5.0
52947	1488	Undirected	5.0
52947	29307	Undirected	4.0
52947	6610	Undirected	4.0
52947	3262	Undirected	6.0
52947	-255930	Undirected	4.0
52947	57066	Undirected	4.0
52947	50450	Undirected	4.0
52947	-118653	Undirected	4.0
52947	-112385	Undirected	4.0
52947	10387	Undirected	4.0
52947	76625	Undirected	4.0
52947	13520	Undirected	4.0
52947	-15330	Undirected	4.0
52947	-14717	Undirected	4.0
52947	1219	Undirected	4.0
52947	95298	Undirected	5.0
52947	5628	Undirected	5.0
52947	-413886	Undirected	5.0
52947	-304040	Undirected	4.0
52947	29766	Undirected	4.0
52947	84353	Undirected	4.0
52947	-84373	Undirected	4.0
52947	44245	Undirected	4.0
52947	4049	Undirected	4.0
52947	110493	Undirected	5.0
52947	98121	Undirected	4.0
52947	6728	Undirected	5.0
52947	88857	Undirected	4.0
52947	117687	Undirected	4.0
52947	56494	Undirected	4.0
52947	43613	Undirected	5.0
52947	-412209	Undirected	5.0
52947	-504137	Undirected	4.0
52947	108593	Undirected	4.0
52947	-467365	Undirected	4.0
106001	113229	Undirected	8.0
106001	-403839	Undirected	8.0
106001	-504552	Undirected	8.0
106001	-503185	Undirected	8.0
106001	-521838	Undirected	8.0
106001	80313	Undirected	4.0
106001	29862	Undirected	4.0
106001	125669	Undirected	5.0
106001	1488	Undirected	5.0
106001	29307	Undirected	4.0
106001	6610	Undirected	4.0
106001	3262	Undirected	6.0
106001	-255930	Undirected	4.0
106001	57066	Undirected	4.0
106001	50450	Undirected	4.0
106001	-118653	Undirected	4.0
106001	-112385	Undirected	4.0
106001	10387	Undirected	4.0
106001	76625	Undirected	4.0
106001	13520	Undirected	4.0
106001	-15330	Undirected	4.0
106001	-14717	Undirected	4.0
106001	1219	Undirected	4.0
106001	95298	Undirected	5.0
106001	5628	Undirected	5.0
106001	-413886	Undirected	5.0
106001	-304040	Undirected	4.0
106001	29766	Undirected	4.0
106001	84353	Undirected	4.0
106001	-84373	Undirected	4.0
106001	44245	Undirected	4.0
106001	4049	Undirected	4.0
106001	110493	Undirected	5.0
106001	98121	Undirected	4.0
106001	6728	Undirected	5.0
106001	88857	Undirected	4.0
106001	117687	Undirected	4.0
106001	56494	Undirected	4.0
106001	43613	Undirected	5.0
106001	-412209	Undirected	5.0
106001	-504137	Undirected	4.0
106001	108593	Undirected	4.0
106001	-467365	Undirected	4.0
113229	-403839	Undirected	8.0
113229	-504552	Undirected	8.0
113229	-503185	Undirected	8.0
113229	-521838	Undirected	8.0
113229	80313	Undirected	4.0
113229	29862	Undirected	4.0
113229	125669	Undirected	5.0
113229	1488	Undirected	5.0
113229	29307	Undirected	4.0
113229	6610	Undirected	4.0
113229	3262	Undirected	6.0
113229	-255930	Undirected	4.0
113229	57066	Undirected	4.0
113229	50450	Undirected	4.0
113229	-118653	Undirected	4.0
113229	-112385	Undirected	4.0
113229	10387	Undirected	4.0
113229	76625	Undirected	4.0
113229	13520	Undirected	4.0
113229	-15330	Undirected	4.0
113229	-14717	Undirected	4.0
113229	1219	Undirected	4.0
113229	95298	Undirected	5.0
113229	5628	Undirected	5.0
113229	-413886	Undirected	5.0
113229	-304040	Undirected	4.0
113229	29766	Undirected	4.0
113229	84353	Undirected	4.0
113229	-84373	Undirected	4.0
113229	44245	Undirected	4.0
113229	4049	Undirected	4.0
113229	110493	Undirected	5.0
113229	98121	Undirected	4.0
113229	6728	Undirected	5.0
113229	88857	Undirected	4.0
113229	117687	Undirected	4.0
113229	56494	Undirected	4.0
113229	43613	Undirected	5.0
113229	-412209	Undirected	5.0
113229	-504137	Undirected	4.0
113229	108593	Undirected	4.0
113229	-467365	Undirected	4.0
-403839	-504552	Undirected	8.0
-403839	-503185	Undirected	8.0
-403839	-521838	Undirected	8.0
-403839	80313	Undirected	4.0
-403839	71248	Undirected	4.0
-403839	29862	Undirected	4.0
-403839	125669	Undirected	6.0
-403839	1488	Undirected	5.0
-403839	29307	Undirected	4.0
-403839	6610	Undirected	4.0
-403839	3262	Undirected	6.0
-403839	-255930	Undirected	4.0
-403839	57066	Undirected	4.0
-403839	50450	Undirected	4.0
-403839	-118653	Undirected	4.0
-403839	-112385	Undirected	4.0
-403839	10387	Undirected	5.0
-403839	76625	Undirected	5.0
-403839	13520	Undirected	4.0
-403839	-15330	Undirected	4.0
-403839	-14717	Undirected	4.0
-403839	1219	Undirected	4.0
-403839	95298	Undirected	5.0
-403839	5628	Undirected	5.0
-403839	-413886	Undirected	6.0
-403839	-304040	Undirected	6.0
-403839	29766	Undirected	4.0
-403839	84353	Undirected	5.0
-403839	-84373	Undirected	4.0
-403839	44245	Undirected	4.0
-403839	4049	Undirected	4.0
-403839	110493	Undirected	6.0
-403839	98121	Undirected	4.0
-403839	6728	Undirected	5.0
-403839	78398	Undirected	4.0
-403839	88857	Undirected	5.0
-403839	117687	Undirected	4.0
-403839	56494	Undirected	4.0
-403839	43613	Undirected	5.0
-403839	-412209	Undirected	5.0
-403839	-116561	Undirected	4.0
-403839	82502	Undirected	4.0
-403839	73961	Undirected	4.0
-403839	112700	Undirected	4.0
-403839	75481	Undirected	4.0
-403839	-504137	Undirected	4.0
-403839	-116873	Undirected	4.0
-403839	36903	Undirected	4.0
-403839	87331	Undirected	5.0
-403839	-136653	Undirected	5.0
-403839	91663	Undirected	5.0
-403839	54555	Undirected	5.0
-403839	108593	Undirected	4.0
-403839	101281	Undirected	4.0
-403839	-467365	Undirected	5.0
-504552	-503185	Undirected	8.0
-504552	-521838	Undirected	8.0
-504552	80313	Undirected	4.0
-504552	29862	Undirected	4.0
-504552	125669	Undirected	5.0
-504552	1488	Undirected	5.0
-504552	29307	Undirected	4.0
-504552	6610	Undirected	4.0
-504552	3262	Undirected	6.0
-504552	-255930	Undirected	4.0
-504552	57066	Undirected	4.0
-504552	50450	Undirected	4.0
-504552	-118653	Undirected	4.0
-504552	-112385	Undirected	4.0
-504552	10387	Undirected	4.0
-504552	76625	Undirected	4.0
-504552	13520	Undirected	4.0
-504552	-15330	Undirected	4.0
-504552	-14717	Undirected	4.0
-504552	1219	Undirected	4.0
-504552	95298	Undirected	5.0
-504552	5628	Undirected	5.0
-504552	-413886	Undirected	5.0
-504552	-304040	Undirected	4.0
-504552	29766	Undirected	4.0
-504552	84353	Undirected	4.0
-504552	-84373	Undirected	4.0
-504552	44245	Undirected	4.0
-504552	4049	Undirected	4.0
-504552	110493	Undirected	5.0
-504552	98121	Undirected	4.0
-504552	6728	Undirected	5.0
-504552	88857	Undirected	4.0
-504552	117687	Undirected	4.0
-504552	56494	Undirected	4.0
-504552	43613	Undirected	5.0
-504552	-412209	Undirected	5.0
-504552	-504137	Undirected	4.0
-504552	108593	Undirected	4.0
-504552	-467365	Undirected	4.0
-503185	-521838	Undirected	8.0
-503185	80313	Undirected	4.0
-503185	29862	Undirected	4.0
-503185	125669	Undirected	5.0
-503185	1488	Undirected	5.0
-503185	29307	Undirected	4.0
-503185	6610	Undirected	4.0
-503185	3262	Undirected	6.0
-503185	-255930	Undirected	4.0
-503185	57066	Undirected	4.0
-503185	50450	Undirected	4.0
-503185	-118653	Undirected	4.0
-503185	-112385	Undirected	4.0
-503185	10387	Undirected	4.0
-503185	76625	Undirected	4.0
-503185	13520	Undirected	4.0
-503185	-15330	Undirected	4.0
-503185	-14717	Undirected	4.0
-503185	1219	Undirected	4.0
-503185	95298	Undirected	5.0
-503185	5628	Undirected	5.0
-503185	-413886	Undirected	5.0
-503185	-304040	Undirected	4.0
-503185	29766	Undirected	4.0
-503185	84353	Undirected	4.0
-503185	-84373	Undirected	4.0
-503185	44245	Undirected	4.0
-503185	4049	Undirected	4.0
-503185	110493	Undirected	5.0
-503185	98121	Undirected	4.0
-503185	6728	Undirected	5.0
-503185	88857	Undirected	4.0
-503185	117687	Undirected	4.0
-503185	56494	Undirected	4.0
-503185	43613	Undirected	5.0
-503185	-412209	Undirected	5.0
-503185	-504137	Undirected	4.0
-503185	108593	Undirected	4.0
-503185	-467365	Undirected	4.0
-521838	80313	Undirected	4.0
-521838	29862	Undirected	4.0
-521838	125669	Undirected	5.0
-521838	1488	Undirected	5.0
-521838	29307	Undirected	4.0
-521838	6610	Undirected	4.0
-521838	3262	Undirected	6.0
-521838	-255930	Undirected	4.0
-521838	57066	Undirected	4.0
-521838	50450	Undirected	4.0
-521838	-118653	Undirected	4.0
-521838	-112385	Undirected	4.0
-521838	10387	Undirected	4.0
-521838	76625	Undirected	4.0
-521838	13520	Undirected	4.0
-521838	-15330	Undirected	4.0
-521838	-14717	Undirected	4.0
-521838	1219	Undirected	4.0
-521838	95298	Undirected	5.0
-521838	5628	Undirected	5.0
-521838	-413886	Undirected	5.0
-521838	-304040	Undirected	4.0
-521838	29766	Undirected	4.0
-521838	84353	Undirected	4.0
-521838	-84373	Undirected	4.0
-521838	44245	Undirected	4.0
-521838	4049	Undirected	4.0
-521838	110493	Undirected	5.0
-521838	98121	Undirected	4.0
-521838	6728	Undirected	5.0
-521838	88857	Undirected	4.0
-521838	117687	Undirected	4.0
-521838	56494	Undirected	4.0
-521838	43613	Undirected	5.0
-521838	-412209	Undirected	5.0
-521838	-504137	Undirected	4.0
-521838	108593	Undirected	4.0
-521838	-467365	Undirected	4.0
29356	125669	Undirected	5.0
29356	1488	Undirected	4.0
29356	29307	Undirected	5.0
29356	49138	Undirected	4.0
29356	52422	Undirected	4.0
29356	-17448	Undirected	4.0
29356	68959	Undirected	4.0
29356	10387	Undirected	5.0
29356	76625	Undirected	6.0
29356	-418321	Undirected	4.0
29356	4468	Undirected	4.0
29356	13520	Undirected	4.0
29356	-373614	Undirected	4.0
29356	-389788	Undirected	4.0
29356	-398594	Undirected	4.0
29356	-413184	Undirected	4.0
29356	-120370	Undirected	4.0
29356	-116694	Undirected	4.0
29356	-15330	Undirected	4.0
29356	-14717	Undirected	4.0
29356	-15488	Undirected	4.0
29356	-15310	Undirected	4.0
29356	1219	Undirected	4.0
29356	-283858	Undirected	12.0
29356	84353	Undirected	4.0
29356	-436064	Undirected	4.0
29356	98121	Undirected	4.0
29356	68709	Undirected	5.0
29356	80634	Undirected	6.0
29356	13540	Undirected	6.0
29356	-244873	Undirected	6.0
29356	-180790	Undirected	10.0
29356	130377	Undirected	7.0
29356	-153810	Undirected	9.0
29356	76480	Undirected	5.0
29356	-472552	Undirected	5.0
29356	-197091	Undirected	9.0
29356	-123382	Undirected	4.0
29356	12861	Undirected	4.0
29356	12687	Undirected	5.0
29356	37401	Undirected	5.0
29356	78580	Undirected	4.0
29356	-104233	Undirected	7.0
29356	6532	Undirected	4.0
29356	-456155	Undirected	4.0
29356	80329	Undirected	4.0
29356	124317	Undirected	4.0
29356	34988	Undirected	4.0
29356	44685	Undirected	4.0
29356	-121488	Undirected	6.0
29356	-213872	Undirected	5.0
29356	50928	Undirected	5.0
29356	-186148	Undirected	5.0
29356	-102134	Undirected	5.0
29356	-102120	Undirected	5.0
29356	-88091	Undirected	5.0
29356	-88122	Undirected	5.0
29356	90582	Undirected	5.0
29356	15837	Undirected	5.0
29356	58496	Undirected	5.0
29356	54861	Undirected	5.0
29356	123557	Undirected	5.0
29356	102051	Undirected	5.0
29356	57895	Undirected	5.0
29356	58780	Undirected	5.0
29356	-222053	Undirected	5.0
29356	-368728	Undirected	5.0
29356	-399142	Undirected	9.0
29356	34342	Undirected	9.0
29356	-209472	Undirected	9.0
29356	50252	Undirected	9.0
29356	54005	Undirected	9.0
29356	-154535	Undirected	9.0
29356	-124688	Undirected	9.0
29356	-11230	Undirected	9.0
29356	679	Undirected	9.0
29356	-117265	Undirected	9.0
29356	-163850	Undirected	9.0
29356	-49647	Undirected	9.0
29356	40306	Undirected	9.0
29356	15519	Undirected	9.0
29356	26550	Undirected	9.0
29356	26587	Undirected	9.0
29356	68422	Undirected	9.0
29356	-227962	Undirected	9.0
29356	103969	Undirected	10.0
29356	59459	Undirected	4.0
29356	31821	Undirected	4.0
29356	-210456	Undirected	4.0
29356	-395173	Undirected	6.0
29356	-156387	Undirected	4.0
29356	-9371	Undirected	4.0
29356	-7023	Undirected	4.0
29356	102784	Undirected	4.0
29356	27234	Undirected	4.0
29356	-435920	Undirected	4.0
47895	-368495	Undirected	4.0
47895	32288	Undirected	4.0
47895	-207482	Undirected	4.0
47895	76174	Undirected	4.0
47895	36435	Undirected	4.0
-368495	32288	Undirected	4.0
-368495	-207482	Undirected	4.0
-368495	76174	Undirected	4.0
-368495	36435	Undirected	4.0
32288	-207482	Undirected	4.0
32288	76174	Undirected	4.0
32288	36435	Undirected	4.0
-207482	76174	Undirected	4.0
-207482	36435	Undirected	4.0
76174	36435	Undirected	4.0
76174	1488	Undirected	4.0
76174	115093	Undirected	4.0
76174	-304040	Undirected	4.0
76174	29766	Undirected	4.0
76174	-84373	Undirected	4.0
76174	44245	Undirected	4.0
76174	110493	Undirected	4.0
36435	-485755	Undirected	4.0
-105053	-88741	Undirected	6.0
-105053	80313	Undirected	6.0
-105053	71248	Undirected	6.0
-105053	29862	Undirected	6.0
-105053	-504140	Undirected	6.0
-105053	61541	Undirected	4.0
-105053	6610	Undirected	4.0
-105053	14179	Undirected	4.0
-105053	1219	Undirected	4.0
-105053	106527	Undirected	4.0
-105053	84353	Undirected	4.0
-88741	80313	Undirected	6.0
-88741	71248	Undirected	6.0
-88741	29862	Undirected	6.0
-88741	-504140	Undirected	6.0
-88741	61541	Undirected	4.0
-88741	6610	Undirected	4.0
-88741	14179	Undirected	4.0
-88741	1219	Undirected	4.0
-88741	106527	Undirected	4.0
-88741	84353	Undirected	4.0
80313	71248	Undirected	7.0
80313	29862	Undirected	8.0
80313	-504140	Undirected	6.0
80313	125669	Undirected	5.0
80313	61541	Undirected	5.0
80313	1488	Undirected	5.0
80313	29307	Undirected	5.0
80313	6610	Undirected	6.0
80313	14179	Undirected	5.0
80313	-206241	Undirected	4.0
80313	-104188	Undirected	4.0
80313	109935	Undirected	4.0
80313	-255930	Undirected	4.0
80313	57066	Undirected	4.0
80313	68959	Undirected	4.0
80313	10387	Undirected	5.0
80313	76625	Undirected	4.0
80313	-418321	Undirected	4.0
80313	4468	Undirected	4.0
80313	13520	Undirected	5.0
80313	-373614	Undirected	4.0
80313	-389788	Undirected	4.0
80313	-398594	Undirected	4.0
80313	-413184	Undirected	4.0
80313	-120370	Undirected	4.0
80313	-116694	Undirected	4.0
80313	-15330	Undirected	5.0
80313	-14717	Undirected	5.0
80313	-15488	Undirected	4.0
80313	-15310	Undirected	4.0
80313	1219	Undirected	6.0
80313	103439	Undirected	4.0
80313	95298	Undirected	5.0
80313	109944	Undirected	5.0
80313	-413886	Undirected	6.0
80313	106527	Undirected	4.0
80313	84353	Undirected	6.0
80313	4049	Undirected	5.0
80313	-188970	Undirected	4.0
80313	78580	Undirected	4.0
80313	-456155	Undirected	5.0
80313	34988	Undirected	4.0
80313	-224585	Undirected	4.0
80313	-196384	Undirected	5.0
80313	-120186	Undirected	4.0
80313	-81804	Undirected	4.0
80313	-248332	Undirected	4.0
80313	117687	Undirected	4.0
80313	98571	Undirected	4.0
80313	43613	Undirected	4.0
80313	-412209	Undirected	4.0
80313	-504137	Undirected	4.0
80313	108593	Undirected	4.0
80313	101281	Undirected	5.0
80313	-140023	Undirected	4.0
80313	-435967	Undirected	4.0
80313	7956	Undirected	4.0
80313	36017	Undirected	4.0
80313	29749	Undirected	4.0
80313	-427520	Undirected	4.0
80313	-462456	Undirected	4.0
80313	-114894	Undirected	4.0
80313	80062	Undirected	4.0
80313	-443602	Undirected	4.0
80313	123849	Undirected	4.0
80313	78277	Undirected	4.0
80313	128838	Undirected	4.0
80313	-462042	Undirected	4.0
80313	15654	Undirected	4.0
80313	120065	Undirected	4.0
80313	-160495	Undirected	4.0
80313	-118249	Undirected	4.0
80313	-115191	Undirected	4.0
71248	29862	Undirected	6.0
71248	-504140	Undirected	6.0
71248	125669	Undirected	6.0
71248	61541	Undirected	5.0
71248	1488	Undirected	4.0
71248	29307	Undirected	5.0
71248	49138	Undirected	4.0
71248	52422	Undirected	4.0
71248	-17448	Undirected	4.0
71248	6610	Undirected	5.0
71248	14179	Undirected	5.0
71248	-206241	Undirected	4.0
71248	-104188	Undirected	4.0
71248	-255930	Undirected	5.0
71248	68959	Undirected	4.0
71248	10387	Undirected	6.0
71248	76625	Undirected	6.0
71248	-418321	Undirected	5.0
71248	4468	Undirected	5.0
71248	13520	Undirected	5.0
71248	-373614	Undirected	5.0
71248	-389788	Undirected	5.0
71248	-398594	Undirected	5.0
71248	-413184	Undirected	5.0
71248	-120370	Undirected	5.0
71248	-116694	Undirected	5.0
71248	-15330	Undirected	5.0
71248	-14717	Undirected	5.0
71248	-15488	Undirected	5.0
71248	-15310	Undirected	5.0
71248	1219	Undirected	6.0
71248	53225	Undirected	5.0
71248	-184416	Undirected	5.0
71248	-128539	Undirected	5.0
71248	65742	Undirected	5.0
71248	103439	Undirected	4.0
71248	95298	Undirected	4.0
71248	-413886	Undirected	6.0
71248	106527	Undirected	4.0
71248	97680	Undirected	4.0
71248	84353	Undirected	6.0
71248	4049	Undirected	4.0
71248	110493	Undirected	4.0
71248	78580	Undirected	4.0
71248	-456155	Undirected	4.0
71248	9858	Undirected	4.0
71248	-362298	Undirected	4.0
71248	75481	Undirected	4.0
71248	-116873	Undirected	4.0
71248	56489	Undirected	6.0
71248	72673	Undirected	6.0
71248	-430605	Undirected	6.0
71248	-118399	Undirected	6.0
71248	-99052	Undirected	6.0
71248	-106888	Undirected	6.0
71248	-41635	Undirected	6.0
71248	114536	Undirected	6.0
71248	-430606	Undirected	6.0
71248	101281	Undirected	9.0
71248	-367917	Undirected	6.0
29862	-504140	Undirected	6.0
29862	125669	Undirected	4.0
29862	61541	Undirected	4.0
29862	1488	Undirected	5.0
29862	29307	Undirected	4.0
29862	6610	Undirected	5.0
29862	14179	Undirected	4.0
29862	109935	Undirected	4.0
29862	-283417	Undirected	4.0
29862	61354	Undirected	4.0
29862	104689	Undirected	4.0
29862	71185	Undirected	4.0
29862	-255930	Undirected	4.0
29862	10387	Undirected	4.0
29862	13520	Undirected	4.0
29862	-15330	Undirected	4.0
29862	-14717	Undirected	4.0
29862	1219	Undirected	5.0
29862	95298	Undirected	5.0
29862	109944	Undirected	4.0
29862	-413886	Undirected	6.0
29862	29766	Undirected	4.0
29862	106527	Undirected	4.0
29862	84353	Undirected	5.0
29862	4049	Undirected	4.0
29862	-456155	Undirected	4.0
29862	-196384	Undirected	4.0
29862	117687	Undirected	4.0
29862	43613	Undirected	4.0
29862	-412209	Undirected	4.0
29862	-504137	Undirected	4.0
29862	101281	Undirected	4.0
29862	29749	Undirected	4.0
29862	-427520	Undirected	4.0
29862	-462456	Undirected	4.0
-504140	61541	Undirected	4.0
-504140	6610	Undirected	4.0
-504140	14179	Undirected	4.0
-504140	1219	Undirected	4.0
-504140	106527	Undirected	4.0
-504140	84353	Undirected	4.0
96138	68959	Undirected	4.0
96138	-399895	Undirected	4.0
96138	109944	Undirected	4.0
52022	-440168	Undirected	5.0
52022	9340	Undirected	5.0
52022	127556	Undirected	4.0
52022	76625	Undirected	4.0
-440168	9340	Undirected	5.0
-440168	127556	Undirected	4.0
-440168	76625	Undirected	4.0
9340	127556	Undirected	4.0
9340	76625	Undirected	4.0
125669	61541	Undirected	5.0
125669	1488	Undirected	7.0
125669	29307	Undirected	6.0
125669	49138	Undirected	4.0
125669	52422	Undirected	4.0
125669	-17448	Undirected	4.0
125669	6610	Undirected	5.0
125669	14179	Undirected	4.0
125669	22235	Undirected	4.0
125669	-404614	Undirected	4.0
125669	109935	Undirected	5.0
125669	127556	Undirected	5.0
125669	3262	Undirected	7.0
125669	44531	Undirected	4.0
125669	59531	Undirected	4.0
125669	-255930	Undirected	5.0
125669	12495	Undirected	4.0
125669	53920	Undirected	4.0
125669	42706	Undirected	4.0
125669	57066	Undirected	5.0
125669	40402	Undirected	4.0
125669	58293	Undirected	4.0
125669	68959	Undirected	6.0
125669	10387	Undirected	12.0
125669	76625	Undirected	13.0
125669	-418321	Undirected	8.0
125669	4468	Undirected	8.0
125669	13520	Undirected	9.0
125669	-373614	Undirected	8.0
125669	-389788	Undirected	8.0
125669	-398594	Undirected	8.0
125669	-413184	Undirected	8.0
125669	-120370	Undirected	8.0
125669	-116694	Undirected	8.0
125669	-15330	Undirected	9.0
125669	-14717	Undirected	9.0
125669	-15488	Undirected	8.0
125669	-15310	Undirected	8.0
125669	1219	Undirected	9.0
125669	-283858	Undirected	5.0
125669	106093	Undirected	4.0
125669	95298	Undirected	5.0
125669	109944	Undirected	4.0
125669	-413886	Undirected	7.0
125669	-304040	Undirected	4.0
125669	29766	Undirected	4.0
125669	106527	Undirected	4.0
125669	84353	Undirected	6.0
125669	44245	Undirected	4.0
125669	-306305	Undirected	4.0
125669	4049	Undirected	5.0
125669	110493	Undirected	9.0
125669	98121	Undirected	4.0
125669	105984	Undirected	4.0
125669	12295	Undirected	4.0
125669	102972	Undirected	6.0
125669	-70595	Undirected	5.0
125669	60514	Undirected	5.0
125669	-188970	Undirected	4.0
125669	54110	Undirected	4.0
125669	30550	Undirected	4.0
125669	-361751	Undirected	4.0
125669	-289013	Undirected	4.0
125669	-229913	Undirected	4.0
125669	6728	Undirected	7.0
125669	-161562	Undirected	4.0
125669	40612	Undirected	4.0
125669	-153810	Undirected	6.0
125669	128335	Undirected	4.0
125669	-197091	Undirected	4.0
125669	-123382	Undirected	6.0
125669	12861	Undirected	4.0
125669	78580	Undirected	4.0
125669	-104233	Undirected	5.0
125669	6532	Undirected	4.0
125669	12808	Undirected	4.0
125669	-456155	Undirected	5.0
125669	34988	Undirected	6.0
125669	95645	Undirected	4.0
125669	-224585	Undirected	5.0
125669	56426	Undirected	5.0
125669	44685	Undirected	9.0
125669	-150346	Undirected	5.0
125669	78398	Undirected	8.0
125669	9858	Undirected	6.0
125669	88857	Undirected	8.0
125669	54369	Undirected	5.0
125669	-154535	Undirected	5.0
125669	103969	Undirected	5.0
125669	-395173	Undirected	5.0
125669	-196384	Undirected	4.0
125669	117687	Undirected	4.0
125669	56494	Undirected	4.0
125669	43613	Undirected	4.0
125669	-412209	Undirected	4.0
125669	-362298	Undirected	5.0
125669	75481	Undirected	4.0
125669	-504137	Undirected	4.0
125669	-116873	Undirected	5.0
125669	39084	Undirected	6.0
125669	6882	Undirected	4.0
125669	17707	Undirected	4.0
125669	35210	Undirected	4.0
125669	61977	Undirected	4.0
125669	355	Undirected	4.0
125669	-21519	Undirected	5.0
125669	72554	Undirected	8.0
125669	10186	Undirected	4.0
125669	1450	Undirected	5.0
125669	-146464	Undirected	5.0
125669	37814	Undirected	4.0
125669	102074	Undirected	5.0
125669	-450654	Undirected	5.0
125669	87566	Undirected	6.0
125669	87331	Undirected	4.0
125669	108593	Undirected	5.0
125669	101281	Undirected	6.0
125669	-198610	Undirected	4.0
125669	109496	Undirected	4.0
125669	-90213	Undirected	4.0
125669	10640	Undirected	4.0
125669	-117640	Undirected	4.0
125669	115654	Undirected	4.0
125669	-198753	Undirected	4.0
125669	9481	Undirected	4.0
125669	107194	Undirected	4.0
125669	-140023	Undirected	5.0
125669	48889	Undirected	4.0
125669	-417821	Undirected	4.0
125669	-423371	Undirected	4.0
125669	-435967	Undirected	5.0
125669	-437916	Undirected	5.0
125669	28147	Undirected	4.0
125669	124382	Undirected	4.0
125669	-271973	Undirected	4.0
125669	-160778	Undirected	4.0
125669	-156057	Undirected	4.0
125669	-125228	Undirected	4.0
125669	-117033	Undirected	4.0
125669	-108747	Undirected	4.0
125669	-91059	Undirected	4.0
125669	-88127	Undirected	4.0
125669	-88121	Undirected	4.0
125669	-17477	Undirected	4.0
125669	-11250	Undirected	4.0
125669	-3249	Undirected	4.0
125669	83362	Undirected	4.0
125669	-533001	Undirected	4.0
125669	-545013	Undirected	4.0
125669	36017	Undirected	4.0
125669	-467365	Undirected	4.0
125669	15576	Undirected	4.0
125669	-114894	Undirected	4.0
125669	80062	Undirected	4.0
125669	-443602	Undirected	4.0
125669	123849	Undirected	4.0
125669	78277	Undirected	4.0
125669	128838	Undirected	4.0
125669	5779	Undirected	4.0
125669	-462042	Undirected	4.0
125669	15654	Undirected	4.0
125669	120065	Undirected	4.0
125669	-160495	Undirected	4.0
125669	-118249	Undirected	4.0
125669	-115191	Undirected	4.0
61541	1488	Undirected	6.0
61541	29307	Undirected	5.0
61541	49138	Undirected	4.0
61541	52422	Undirected	4.0
61541	-17448	Undirected	4.0
61541	6610	Undirected	8.0
61541	14179	Undirected	8.0
61541	-206241	Undirected	7.0
61541	-104188	Undirected	7.0
61541	22235	Undirected	5.0
61541	21502	Undirected	4.0
61541	109935	Undirected	4.0
61541	70990	Undirected	4.0
61541	127556	Undirected	4.0
61541	-283417	Undirected	4.0
61541	-255930	Undirected	4.0
61541	12495	Undirected	4.0
61541	53920	Undirected	4.0
61541	57066	Undirected	4.0
61541	58293	Undirected	4.0
61541	68959	Undirected	5.0
61541	10387	Undirected	4.0
61541	76625	Undirected	4.0
61541	-418321	Undirected	4.0
61541	4468	Undirected	4.0
61541	13520	Undirected	4.0
61541	-373614	Undirected	4.0
61541	-389788	Undirected	4.0
61541	-398594	Undirected	4.0
61541	-413184	Undirected	4.0
61541	-120370	Undirected	4.0
61541	-116694	Undirected	4.0
61541	-15330	Undirected	4.0
61541	-14717	Undirected	4.0
61541	-15488	Undirected	4.0
61541	-15310	Undirected	4.0
61541	1219	Undirected	7.0
61541	103439	Undirected	4.0
61541	95298	Undirected	4.0
61541	5628	Undirected	4.0
61541	-413886	Undirected	4.0
61541	106527	Undirected	4.0
61541	84353	Undirected	5.0
61541	-306305	Undirected	4.0
61541	4049	Undirected	5.0
61541	105984	Undirected	4.0
61541	12295	Undirected	4.0
61541	17222	Undirected	4.0
61541	78580	Undirected	4.0
61541	-456155	Undirected	4.0
61541	-196384	Undirected	4.0
61541	117687	Undirected	4.0
61541	98571	Undirected	5.0
61541	43613	Undirected	4.0
61541	-412209	Undirected	4.0
61541	75481	Undirected	4.0
61541	-116873	Undirected	4.0
61541	13969	Undirected	4.0
61541	-421541	Undirected	4.0
1488	29307	Undirected	6.0
1488	49138	Undirected	4.0
1488	52422	Undirected	4.0
1488	-17448	Undirected	4.0
1488	6610	Undirected	5.0
1488	14179	Undirected	4.0
1488	-258048	Undirected	4.0
1488	22235	Undirected	5.0
1488	-404511	Undirected	4.0
1488	-404614	Undirected	4.0
1488	21502	Undirected	4.0
1488	109935	Undirected	6.0
1488	-449695	Undirected	4.0
1488	70990	Undirected	4.0
1488	-449009	Undirected	4.0
1488	127556	Undirected	4.0
1488	-283417	Undirected	6.0
1488	61354	Undirected	4.0
1488	104689	Undirected	4.0
1488	71185	Undirected	4.0
1488	3262	Undirected	5.0
1488	-255930	Undirected	5.0
1488	12495	Undirected	4.0
1488	53920	Undirected	5.0
1488	-193871	Undirected	4.0
1488	-181125	Undirected	4.0
1488	-11556	Undirected	5.0
1488	77499	Undirected	4.0
1488	-102334	Undirected	4.0
1488	97244	Undirected	4.0
1488	-394547	Undirected	4.0
1488	29870	Undirected	4.0
1488	115093	Undirected	4.0
1488	57066	Undirected	5.0
1488	50450	Undirected	4.0
1488	-112385	Undirected	4.0
1488	58293	Undirected	5.0
1488	68959	Undirected	5.0
1488	10387	Undirected	6.0
1488	76625	Undirected	5.0
1488	-418321	Undirected	5.0
1488	4468	Undirected	5.0
1488	13520	Undirected	6.0
1488	-373614	Undirected	5.0
1488	-389788	Undirected	5.0
1488	-398594	Undirected	5.0
1488	-413184	Undirected	5.0
1488	-120370	Undirected	5.0
1488	-116694	Undirected	5.0
1488	-15330	Undirected	6.0
1488	-14717	Undirected	6.0
1488	-15488	Undirected	5.0
1488	-15310	Undirected	5.0
1488	1219	Undirected	8.0
1488	-283858	Undirected	4.0
1488	103439	Undirected	4.0
1488	-154576	Undirected	4.0
1488	116096	Undirected	5.0
1488	-490206	Undirected	4.0
1488	95298	Undirected	6.0
1488	5628	Undirected	6.0
1488	14197	Undirected	4.0
1488	109944	Undirected	4.0
1488	-413886	Undirected	7.0
1488	-304040	Undirected	4.0
1488	29766	Undirected	5.0
1488	-490101	Undirected	4.0
1488	106527	Undirected	4.0
1488	97680	Undirected	4.0
1488	84353	Undirected	7.0
1488	77481	Undirected	5.0
1488	-84373	Undirected	4.0
1488	44245	Undirected	4.0
1488	-306305	Undirected	4.0
1488	82513	Undirected	4.0
1488	4049	Undirected	6.0
1488	110493	Undirected	5.0
1488	98121	Undirected	4.0
1488	-413145	Undirected	4.0
1488	-437992	Undirected	4.0
1488	92734	Undirected	4.0
1488	98490	Undirected	5.0
1488	48693	Undirected	4.0
1488	21216	Undirected	4.0
1488	105984	Undirected	5.0
1488	-124389	Undirected	5.0
1488	-86369	Undirected	4.0
1488	-56090	Undirected	4.0
1488	12295	Undirected	5.0
1488	-188970	Undirected	4.0
1488	17222	Undirected	4.0
1488	-372746	Undirected	4.0
1488	6728	Undirected	5.0
1488	-153810	Undirected	5.0
1488	78580	Undirected	5.0
1488	-104233	Undirected	5.0
1488	6532	Undirected	5.0
1488	12808	Undirected	4.0
1488	-456155	Undirected	6.0
1488	3618	Undirected	4.0
1488	28886	Undirected	4.0
1488	-553429	Undirected	4.0
1488	-159146	Undirected	4.0
1488	34988	Undirected	4.0
1488	95645	Undirected	4.0
1488	-224585	Undirected	4.0
1488	44685	Undirected	4.0
1488	88857	Undirected	4.0
1488	-154535	Undirected	4.0
1488	103969	Undirected	4.0
1488	-395173	Undirected	4.0
1488	-196384	Undirected	5.0
1488	-120186	Undirected	4.0
1488	-81804	Undirected	4.0
1488	-248332	Undirected	4.0
1488	-124855	Undirected	5.0
1488	-193724	Undirected	5.0
1488	16055	Undirected	5.0
1488	117687	Undirected	7.0
1488	-282642	Undirected	5.0
1488	-249870	Undirected	5.0
1488	-244010	Undirected	4.0
1488	126697	Undirected	4.0
1488	56861	Undirected	4.0
1488	98571	Undirected	5.0
1488	120139	Undirected	4.0
1488	56494	Undirected	6.0
1488	43613	Undirected	7.0
1488	-412209	Undirected	7.0
1488	-116561	Undirected	5.0
1488	82502	Undirected	5.0
1488	73961	Undirected	5.0
1488	112700	Undirected	5.0
1488	-362298	Undirected	4.0
1488	-128335	Undirected	4.0
1488	75481	Undirected	6.0
1488	51232	Undirected	4.0
1488	122399	Undirected	4.0
1488	-242105	Undirected	4.0
1488	38533	Undirected	4.0
1488	31254	Undirected	4.0
1488	117966	Undirected	4.0
1488	9591	Undirected	4.0
1488	-504137	Undirected	6.0
1488	40151	Undirected	4.0
1488	100961	Undirected	4.0
1488	14582	Undirected	4.0
1488	88761	Undirected	4.0
1488	35221	Undirected	4.0
1488	22017	Undirected	4.0
1488	-116873	Undirected	6.0
1488	36903	Undirected	5.0
1488	39084	Undirected	4.0
1488	108593	Undirected	4.0
1488	101281	Undirected	4.0
1488	-140023	Undirected	5.0
1488	48889	Undirected	4.0
1488	-423371	Undirected	4.0
1488	-435967	Undirected	4.0
1488	-11250	Undirected	4.0
1488	83362	Undirected	4.0
1488	-211404	Undirected	4.0
1488	36017	Undirected	5.0
1488	74172	Undirected	4.0
1488	-467365	Undirected	4.0
1488	36281	Undirected	4.0
1488	-114894	Undirected	4.0
1488	80062	Undirected	4.0
1488	-443602	Undirected	4.0
1488	123849	Undirected	4.0
1488	78277	Undirected	4.0
1488	128838	Undirected	4.0
1488	-462042	Undirected	4.0
1488	13969	Undirected	4.0
1488	-421541	Undirected	4.0
1488	15654	Undirected	4.0
1488	120065	Undirected	4.0
1488	-160495	Undirected	4.0
1488	-118249	Undirected	4.0
1488	-115191	Undirected	4.0
29307	49138	Undirected	7.0
29307	52422	Undirected	7.0
29307	-17448	Undirected	7.0
29307	6610	Undirected	5.0
29307	14179	Undirected	4.0
29307	109935	Undirected	4.0
29307	-283417	Undirected	4.0
29307	-255930	Undirected	5.0
29307	57066	Undirected	4.0
29307	68959	Undirected	4.0
29307	10387	Undirected	6.0
29307	76625	Undirected	5.0
29307	-418321	Undirected	5.0
29307	4468	Undirected	5.0
29307	13520	Undirected	6.0
29307	-373614	Undirected	5.0
29307	-389788	Undirected	5.0
29307	-398594	Undirected	5.0
29307	-413184	Undirected	5.0
29307	-120370	Undirected	5.0
29307	-116694	Undirected	5.0
29307	-15330	Undirected	6.0
29307	-14717	Undirected	6.0
29307	-15488	Undirected	5.0
29307	-15310	Undirected	5.0
29307	1219	Undirected	6.0
29307	-283858	Undirected	5.0
29307	103439	Undirected	4.0
29307	95298	Undirected	5.0
29307	5628	Undirected	4.0
29307	109944	Undirected	5.0
29307	-413886	Undirected	6.0
29307	29766	Undirected	4.0
29307	106527	Undirected	4.0
29307	97680	Undirected	4.0
29307	84353	Undirected	7.0
29307	44245	Undirected	5.0
29307	4049	Undirected	6.0
29307	98121	Undirected	4.0
29307	15868	Undirected	4.0
29307	49257	Undirected	4.0
29307	30452	Undirected	4.0
29307	-10157	Undirected	4.0
29307	12295	Undirected	9.0
29307	2663	Undirected	4.0
29307	54941	Undirected	4.0
29307	123884	Undirected	4.0
29307	54502	Undirected	4.0
29307	99170	Undirected	4.0
29307	-420667	Undirected	4.0
29307	94574	Undirected	4.0
29307	86007	Undirected	4.0
29307	102972	Undirected	4.0
29307	-188970	Undirected	5.0
29307	-180790	Undirected	4.0
29307	6728	Undirected	4.0
29307	-153810	Undirected	6.0
29307	-197091	Undirected	4.0
29307	78580	Undirected	5.0
29307	-104233	Undirected	5.0
29307	6532	Undirected	5.0
29307	12808	Undirected	4.0
29307	-456155	Undirected	6.0
29307	3618	Undirected	5.0
29307	34988	Undirected	5.0
29307	-224585	Undirected	5.0
29307	56426	Undirected	4.0
29307	44685	Undirected	4.0
29307	-154535	Undirected	4.0
29307	26550	Undirected	4.0
29307	103969	Undirected	5.0
29307	-395173	Undirected	4.0
29307	-196384	Undirected	4.0
29307	117687	Undirected	5.0
29307	43613	Undirected	5.0
29307	-412209	Undirected	5.0
29307	-116561	Undirected	4.0
29307	82502	Undirected	4.0
29307	73961	Undirected	4.0
29307	-362298	Undirected	4.0
29307	75481	Undirected	4.0
29307	-504137	Undirected	4.0
29307	-116873	Undirected	4.0
29307	108593	Undirected	4.0
29307	101281	Undirected	5.0
29307	-140023	Undirected	5.0
29307	-435967	Undirected	5.0
29307	-437916	Undirected	5.0
29307	-533001	Undirected	4.0
29307	-545013	Undirected	4.0
29307	36017	Undirected	4.0
29307	-467365	Undirected	4.0
29307	-114894	Undirected	4.0
29307	-87106	Undirected	4.0
29307	-414546	Undirected	4.0
29307	-461902	Undirected	4.0
29307	80062	Undirected	4.0
29307	-443602	Undirected	4.0
29307	123849	Undirected	4.0
29307	78277	Undirected	4.0
29307	128838	Undirected	4.0
29307	-462042	Undirected	4.0
29307	15654	Undirected	4.0
29307	120065	Undirected	4.0
29307	-160495	Undirected	4.0
29307	-118249	Undirected	4.0
29307	-115191	Undirected	4.0
29307	44068	Undirected	5.0
29307	-182984	Undirected	5.0
29307	-149568	Undirected	5.0
29307	43140	Undirected	5.0
49138	52422	Undirected	7.0
49138	-17448	Undirected	7.0
49138	-255930	Undirected	4.0
49138	10387	Undirected	4.0
49138	76625	Undirected	4.0
49138	-418321	Undirected	4.0
49138	4468	Undirected	4.0
49138	13520	Undirected	4.0
49138	-373614	Undirected	4.0
49138	-389788	Undirected	4.0
49138	-398594	Undirected	4.0
49138	-413184	Undirected	4.0
49138	-120370	Undirected	4.0
49138	-116694	Undirected	4.0
49138	-15330	Undirected	4.0
49138	-14717	Undirected	4.0
49138	-15488	Undirected	4.0
49138	-15310	Undirected	4.0
49138	1219	Undirected	4.0
49138	-283858	Undirected	4.0
49138	-413886	Undirected	4.0
49138	97680	Undirected	4.0
49138	84353	Undirected	5.0
49138	4049	Undirected	4.0
52422	-17448	Undirected	7.0
52422	-255930	Undirected	4.0
52422	10387	Undirected	4.0
52422	76625	Undirected	4.0
52422	-418321	Undirected	4.0
52422	4468	Undirected	4.0
52422	13520	Undirected	4.0
52422	-373614	Undirected	4.0
52422	-389788	Undirected	4.0
52422	-398594	Undirected	4.0
52422	-413184	Undirected	4.0
52422	-120370	Undirected	4.0
52422	-116694	Undirected	4.0
52422	-15330	Undirected	4.0
52422	-14717	Undirected	4.0
52422	-15488	Undirected	4.0
52422	-15310	Undirected	4.0
52422	1219	Undirected	4.0
52422	-283858	Undirected	4.0
52422	-413886	Undirected	4.0
52422	97680	Undirected	4.0
52422	84353	Undirected	5.0
52422	4049	Undirected	4.0
-17448	-255930	Undirected	4.0
-17448	10387	Undirected	4.0
-17448	76625	Undirected	4.0
-17448	-418321	Undirected	4.0
-17448	4468	Undirected	4.0
-17448	13520	Undirected	4.0
-17448	-373614	Undirected	4.0
-17448	-389788	Undirected	4.0
-17448	-398594	Undirected	4.0
-17448	-413184	Undirected	4.0
-17448	-120370	Undirected	4.0
-17448	-116694	Undirected	4.0
-17448	-15330	Undirected	4.0
-17448	-14717	Undirected	4.0
-17448	-15488	Undirected	4.0
-17448	-15310	Undirected	4.0
-17448	1219	Undirected	4.0
-17448	-283858	Undirected	4.0
-17448	-413886	Undirected	4.0
-17448	97680	Undirected	4.0
-17448	84353	Undirected	5.0
-17448	4049	Undirected	4.0
6610	14179	Undirected	9.0
6610	-206241	Undirected	7.0
6610	-104188	Undirected	7.0
6610	22235	Undirected	4.0
6610	109935	Undirected	4.0
6610	104689	Undirected	4.0
6610	-255930	Undirected	4.0
6610	57066	Undirected	4.0
6610	68959	Undirected	4.0
6610	10387	Undirected	5.0
6610	76625	Undirected	4.0
6610	-418321	Undirected	4.0
6610	4468	Undirected	4.0
6610	13520	Undirected	5.0
6610	-373614	Undirected	4.0
6610	-389788	Undirected	4.0
6610	-398594	Undirected	4.0
6610	-413184	Undirected	4.0
6610	-120370	Undirected	4.0
6610	-116694	Undirected	4.0
6610	-15330	Undirected	5.0
6610	-14717	Undirected	5.0
6610	-15488	Undirected	4.0
6610	-15310	Undirected	4.0
6610	1219	Undirected	8.0
6610	21766	Undirected	4.0
6610	95298	Undirected	5.0
6610	109944	Undirected	5.0
6610	-413886	Undirected	5.0
6610	84353	Undirected	5.0
6610	51356	Undirected	4.0
6610	-186552	Undirected	4.0
6610	4049	Undirected	6.0
6610	12295	Undirected	4.0
6610	-188970	Undirected	4.0
6610	-456155	Undirected	4.0
6610	34988	Undirected	4.0
6610	-224585	Undirected	4.0
6610	-196384	Undirected	5.0
6610	117687	Undirected	4.0
6610	98571	Undirected	6.0
6610	43613	Undirected	4.0
6610	-412209	Undirected	4.0
6610	-504137	Undirected	4.0
6610	108593	Undirected	4.0
6610	101281	Undirected	4.0
6610	-140023	Undirected	4.0
6610	-435967	Undirected	4.0
6610	36017	Undirected	4.0
6610	-114894	Undirected	4.0
6610	80062	Undirected	4.0
6610	-443602	Undirected	4.0
6610	123849	Undirected	4.0
6610	78277	Undirected	4.0
6610	128838	Undirected	4.0
6610	-462042	Undirected	4.0
6610	15654	Undirected	4.0
6610	120065	Undirected	4.0
6610	-160495	Undirected	4.0
6610	-118249	Undirected	4.0
6610	-115191	Undirected	4.0
14179	-206241	Undirected	7.0
14179	-104188	Undirected	7.0
14179	22235	Undirected	4.0
14179	104689	Undirected	4.0
14179	-255930	Undirected	4.0
14179	68959	Undirected	4.0
14179	10387	Undirected	4.0
14179	76625	Undirected	4.0
14179	-418321	Undirected	4.0
14179	4468	Undirected	4.0
14179	13520	Undirected	4.0
14179	-373614	Undirected	4.0
14179	-389788	Undirected	4.0
14179	-398594	Undirected	4.0
14179	-413184	Undirected	4.0
14179	-120370	Undirected	4.0
14179	-116694	Undirected	4.0
14179	-15330	Undirected	4.0
14179	-14717	Undirected	4.0
14179	-15488	Undirected	4.0
14179	-15310	Undirected	4.0
14179	1219	Undirected	7.0
14179	21766	Undirected	4.0
14179	95298	Undirected	4.0
14179	109944	Undirected	4.0
14179	-413886	Undirected	4.0
14179	84353	Undirected	4.0
14179	51356	Undirected	4.0
14179	-186552	Undirected	4.0
14179	4049	Undirected	5.0
14179	-196384	Undirected	4.0
14179	98571	Undirected	5.0
-206241	-104188	Undirected	7.0
-206241	1219	Undirected	6.0
-206241	98571	Undirected	4.0
-104188	1219	Undirected	6.0
-104188	98571	Undirected	4.0
-258048	22235	Undirected	4.0
-258048	-404511	Undirected	4.0
-258048	-404614	Undirected	4.0
-258048	21502	Undirected	4.0
-258048	109935	Undirected	4.0
-258048	-449695	Undirected	4.0
-258048	70990	Undirected	4.0
-258048	-449009	Undirected	4.0
-258048	53920	Undirected	4.0
-258048	-193871	Undirected	4.0
-258048	-181125	Undirected	4.0
-258048	-11556	Undirected	4.0
-258048	77499	Undirected	4.0
-258048	-102334	Undirected	4.0
-258048	97244	Undirected	4.0
-258048	-394547	Undirected	4.0
-258048	29870	Undirected	4.0
-258048	58293	Undirected	4.0
-258048	-490206	Undirected	4.0
-258048	-490101	Undirected	4.0
-258048	-413145	Undirected	4.0
-258048	-437992	Undirected	4.0
-258048	92734	Undirected	4.0
-258048	98490	Undirected	4.0
-258048	48693	Undirected	4.0
-258048	21216	Undirected	4.0
-258048	105984	Undirected	4.0
-258048	-124389	Undirected	4.0
-258048	-86369	Undirected	4.0
-258048	-56090	Undirected	4.0
22235	-404511	Undirected	5.0
22235	-404614	Undirected	6.0
22235	21502	Undirected	9.0
22235	109935	Undirected	6.0
22235	-449695	Undirected	5.0
22235	70990	Undirected	8.0
22235	-449009	Undirected	5.0
22235	127556	Undirected	4.0
22235	53920	Undirected	5.0
22235	-193871	Undirected	4.0
22235	-181125	Undirected	4.0
22235	-11556	Undirected	4.0
22235	77499	Undirected	4.0
22235	-102334	Undirected	4.0
22235	97244	Undirected	4.0
22235	-394547	Undirected	4.0
22235	29870	Undirected	4.0
22235	58293	Undirected	5.0
22235	68959	Undirected	4.0
22235	1219	Undirected	7.0
22235	-490206	Undirected	4.0
22235	51635	Undirected	4.0
22235	-190482	Undirected	4.0
22235	-115276	Undirected	5.0
22235	42655	Undirected	5.0
22235	129285	Undirected	4.0
22235	114631	Undirected	4.0
22235	-413886	Undirected	4.0
22235	-490101	Undirected	4.0
22235	4049	Undirected	5.0
22235	-413145	Undirected	4.0
22235	-437992	Undirected	4.0
22235	92734	Undirected	4.0
22235	98490	Undirected	4.0
22235	48693	Undirected	4.0
22235	21216	Undirected	4.0
22235	105984	Undirected	5.0
22235	-124389	Undirected	4.0
22235	-86369	Undirected	4.0
22235	-56090	Undirected	4.0
22235	12295	Undirected	5.0
22235	17222	Undirected	4.0
22235	-25080	Undirected	4.0
22235	43134	Undirected	4.0
-404511	-404614	Undirected	5.0
-404511	21502	Undirected	5.0
-404511	109935	Undirected	5.0
-404511	-449695	Undirected	5.0
-404511	70990	Undirected	5.0
-404511	-449009	Undirected	5.0
-404511	53920	Undirected	4.0
-404511	-193871	Undirected	4.0
-404511	-181125	Undirected	4.0
-404511	-11556	Undirected	4.0
-404511	77499	Undirected	4.0
-404511	-102334	Undirected	4.0
-404511	97244	Undirected	4.0
-404511	-394547	Undirected	4.0
-404511	29870	Undirected	4.0
-404511	58293	Undirected	4.0
-404511	1219	Undirected	4.0
-404511	-490206	Undirected	4.0
-404511	-115276	Undirected	4.0
-404511	42655	Undirected	4.0
-404511	-490101	Undirected	4.0
-404511	-413145	Undirected	4.0
-404511	-437992	Undirected	4.0
-404511	92734	Undirected	4.0
-404511	98490	Undirected	4.0
-404511	48693	Undirected	4.0
-404511	21216	Undirected	4.0
-404511	105984	Undirected	4.0
-404511	-124389	Undirected	4.0
-404511	-86369	Undirected	4.0
-404511	-56090	Undirected	4.0
-404614	21502	Undirected	6.0
-404614	109935	Undirected	5.0
-404614	-449695	Undirected	5.0
-404614	70990	Undirected	5.0
-404614	-449009	Undirected	5.0
-404614	127556	Undirected	4.0
-404614	53920	Undirected	4.0
-404614	-193871	Undirected	4.0
-404614	-181125	Undirected	4.0
-404614	-11556	Undirected	4.0
-404614	77499	Undirected	4.0
-404614	-102334	Undirected	4.0
-404614	97244	Undirected	4.0
-404614	-394547	Undirected	4.0
-404614	29870	Undirected	4.0
-404614	58293	Undirected	5.0
-404614	1219	Undirected	6.0
-404614	-490206	Undirected	4.0
-404614	51635	Undirected	4.0
-404614	-190482	Undirected	4.0
-404614	-115276	Undirected	5.0
-404614	42655	Undirected	5.0
-404614	129285	Undirected	4.0
-404614	114631	Undirected	4.0
-404614	-490101	Undirected	4.0
-404614	4049	Undirected	4.0
-404614	-413145	Undirected	4.0
-404614	-437992	Undirected	4.0
-404614	92734	Undirected	4.0
-404614	98490	Undirected	4.0
-404614	48693	Undirected	4.0
-404614	21216	Undirected	4.0
-404614	105984	Undirected	4.0
-404614	-124389	Undirected	4.0
-404614	-86369	Undirected	4.0
-404614	-56090	Undirected	4.0
-404614	-25080	Undirected	4.0
21502	109935	Undirected	5.0
21502	-449695	Undirected	5.0
21502	70990	Undirected	8.0
21502	-449009	Undirected	5.0
21502	53920	Undirected	4.0
21502	-193871	Undirected	4.0
21502	-181125	Undirected	4.0
21502	-11556	Undirected	4.0
21502	77499	Undirected	4.0
21502	-102334	Undirected	4.0
21502	97244	Undirected	4.0
21502	-394547	Undirected	4.0
21502	29870	Undirected	4.0
21502	58293	Undirected	5.0
21502	1219	Undirected	6.0
21502	-490206	Undirected	4.0
21502	51635	Undirected	4.0
21502	-190482	Undirected	4.0
21502	-115276	Undirected	5.0
21502	42655	Undirected	5.0
21502	129285	Undirected	4.0
21502	114631	Undirected	4.0
21502	-490101	Undirected	4.0
21502	4049	Undirected	4.0
21502	-413145	Undirected	4.0
21502	-437992	Undirected	4.0
21502	92734	Undirected	4.0
21502	98490	Undirected	4.0
21502	48693	Undirected	4.0
21502	21216	Undirected	4.0
21502	105984	Undirected	4.0
21502	-124389	Undirected	4.0
21502	-86369	Undirected	4.0
21502	-56090	Undirected	4.0
21502	12295	Undirected	4.0
21502	17222	Undirected	4.0
21502	-25080	Undirected	4.0
109935	-449695	Undirected	5.0
109935	70990	Undirected	5.0
109935	-449009	Undirected	5.0
109935	127556	Undirected	4.0
109935	53920	Undirected	5.0
109935	-193871	Undirected	4.0
109935	-181125	Undirected	4.0
109935	-11556	Undirected	4.0
109935	77499	Undirected	4.0
109935	-102334	Undirected	4.0
109935	97244	Undirected	4.0
109935	-394547	Undirected	4.0
109935	29870	Undirected	4.0
109935	57066	Undirected	4.0
109935	58293	Undirected	4.0
109935	68959	Undirected	4.0
109935	10387	Undirected	4.0
109935	13520	Undirected	4.0
109935	-15330	Undirected	4.0
109935	-14717	Undirected	4.0
109935	1219	Undirected	6.0
109935	-490206	Undirected	4.0
109935	95298	Undirected	4.0
109935	-115276	Undirected	4.0
109935	42655	Undirected	4.0
109935	109944	Undirected	4.0
109935	-413886	Undirected	5.0
109935	-490101	Undirected	4.0
109935	84353	Undirected	4.0
109935	4049	Undirected	5.0
109935	-413145	Undirected	4.0
109935	-437992	Undirected	4.0
109935	92734	Undirected	4.0
109935	98490	Undirected	4.0
109935	48693	Undirected	4.0
109935	21216	Undirected	4.0
109935	105984	Undirected	5.0
109935	-124389	Undirected	4.0
109935	-86369	Undirected	4.0
109935	-56090	Undirected	4.0
109935	12295	Undirected	5.0
109935	-456155	Undirected	4.0
109935	95645	Undirected	4.0
109935	-196384	Undirected	4.0
109935	117687	Undirected	4.0
-449695	70990	Undirected	5.0
-449695	-449009	Undirected	5.0
-449695	53920	Undirected	4.0
-449695	-193871	Undirected	4.0
-449695	-181125	Undirected	4.0
-449695	-11556	Undirected	4.0
-449695	77499	Undirected	4.0
-449695	-102334	Undirected	4.0
-449695	97244	Undirected	4.0
-449695	-394547	Undirected	4.0
-449695	29870	Undirected	4.0
-449695	58293	Undirected	4.0
-449695	1219	Undirected	4.0
-449695	-490206	Undirected	4.0
-449695	-115276	Undirected	4.0
-449695	42655	Undirected	4.0
-449695	-490101	Undirected	4.0
-449695	-413145	Undirected	4.0
-449695	-437992	Undirected	4.0
-449695	92734	Undirected	4.0
-449695	98490	Undirected	4.0
-449695	48693	Undirected	4.0
-449695	21216	Undirected	4.0
-449695	105984	Undirected	4.0
-449695	-124389	Undirected	4.0
-449695	-86369	Undirected	4.0
-449695	-56090	Undirected	4.0
70990	-449009	Undirected	5.0
70990	53920	Undirected	4.0
70990	-193871	Undirected	4.0
70990	-181125	Undirected	4.0
70990	-11556	Undirected	4.0
70990	77499	Undirected	4.0
70990	-102334	Undirected	4.0
70990	97244	Undirected	4.0
70990	-394547	Undirected	4.0
70990	29870	Undirected	4.0
70990	58293	Undirected	4.0
70990	1219	Undirected	5.0
70990	-490206	Undirected	4.0
70990	-115276	Undirected	4.0
70990	42655	Undirected	4.0
70990	-490101	Undirected	4.0
70990	-413145	Undirected	4.0
70990	-437992	Undirected	4.0
70990	92734	Undirected	4.0
70990	98490	Undirected	4.0
70990	48693	Undirected	4.0
70990	21216	Undirected	4.0
70990	105984	Undirected	4.0
70990	-124389	Undirected	4.0
70990	-86369	Undirected	4.0
70990	-56090	Undirected	4.0
70990	12295	Undirected	4.0
70990	17222	Undirected	4.0
-449009	53920	Undirected	4.0
-449009	-193871	Undirected	4.0
-449009	-181125	Undirected	4.0
-449009	-11556	Undirected	4.0
-449009	77499	Undirected	4.0
-449009	-102334	Undirected	4.0
-449009	97244	Undirected	4.0
-449009	-394547	Undirected	4.0
-449009	29870	Undirected	4.0
-449009	58293	Undirected	4.0
-449009	1219	Undirected	4.0
-449009	-490206	Undirected	4.0
-449009	-115276	Undirected	4.0
-449009	42655	Undirected	4.0
-449009	-490101	Undirected	4.0
-449009	-413145	Undirected	4.0
-449009	-437992	Undirected	4.0
-449009	92734	Undirected	4.0
-449009	98490	Undirected	4.0
-449009	48693	Undirected	4.0
-449009	21216	Undirected	4.0
-449009	105984	Undirected	4.0
-449009	-124389	Undirected	4.0
-449009	-86369	Undirected	4.0
-449009	-56090	Undirected	4.0
127556	59531	Undirected	4.0
127556	12495	Undirected	4.0
127556	53920	Undirected	4.0
127556	42706	Undirected	4.0
127556	68959	Undirected	5.0
127556	10387	Undirected	4.0
127556	76625	Undirected	5.0
127556	-418321	Undirected	4.0
127556	4468	Undirected	4.0
127556	13520	Undirected	4.0
127556	-373614	Undirected	4.0
127556	-389788	Undirected	4.0
127556	-398594	Undirected	4.0
127556	-413184	Undirected	4.0
127556	-120370	Undirected	4.0
127556	-116694	Undirected	4.0
127556	-15330	Undirected	4.0
127556	-14717	Undirected	4.0
127556	-15488	Undirected	4.0
127556	-15310	Undirected	4.0
127556	1219	Undirected	4.0
127556	-185097	Undirected	4.0
127556	84037	Undirected	4.0
127556	-540471	Undirected	4.0
127556	106527	Undirected	4.0
127556	105984	Undirected	4.0
-283417	61354	Undirected	5.0
-283417	104689	Undirected	4.0
-283417	71185	Undirected	5.0
-283417	-255930	Undirected	4.0
-283417	115093	Undirected	4.0
-283417	10387	Undirected	4.0
-283417	13520	Undirected	4.0
-283417	-116694	Undirected	4.0
-283417	-154576	Undirected	4.0
-283417	116096	Undirected	4.0
-283417	95298	Undirected	4.0
-283417	5628	Undirected	5.0
-283417	14197	Undirected	4.0
-283417	109944	Undirected	4.0
-283417	-413886	Undirected	4.0
-283417	29766	Undirected	4.0
-283417	106527	Undirected	4.0
-283417	84353	Undirected	5.0
-283417	77481	Undirected	4.0
-283417	82513	Undirected	4.0
-283417	4049	Undirected	4.0
-283417	3618	Undirected	4.0
-283417	-124855	Undirected	4.0
-283417	-193724	Undirected	4.0
-283417	16055	Undirected	4.0
-283417	117687	Undirected	4.0
-283417	-282642	Undirected	4.0
-283417	-249870	Undirected	4.0
-283417	43613	Undirected	5.0
-283417	-412209	Undirected	5.0
-283417	-116561	Undirected	4.0
-283417	82502	Undirected	4.0
-283417	73961	Undirected	4.0
-283417	112700	Undirected	4.0
-283417	75481	Undirected	5.0
-283417	-504137	Undirected	4.0
-283417	-116873	Undirected	5.0
-283417	36903	Undirected	4.0
-283417	36281	Undirected	4.0
61354	104689	Undirected	4.0
61354	71185	Undirected	5.0
61354	-255930	Undirected	4.0
61354	10387	Undirected	4.0
61354	13520	Undirected	4.0
61354	-116694	Undirected	4.0
61354	95298	Undirected	4.0
61354	109944	Undirected	4.0
61354	-413886	Undirected	4.0
61354	3618	Undirected	4.0
104689	71185	Undirected	4.0
104689	-255930	Undirected	4.0
104689	21766	Undirected	4.0
104689	95298	Undirected	4.0
104689	109944	Undirected	4.0
104689	-413886	Undirected	4.0
104689	51356	Undirected	4.0
104689	-186552	Undirected	4.0
104689	4049	Undirected	4.0
71185	-255930	Undirected	4.0
71185	10387	Undirected	4.0
71185	13520	Undirected	4.0
71185	-116694	Undirected	4.0
71185	95298	Undirected	4.0
71185	109944	Undirected	4.0
71185	-413886	Undirected	4.0
71185	3618	Undirected	4.0
115916	-94404	Undirected	6.0
115916	-159231	Undirected	6.0
115916	44007	Undirected	6.0
115916	81210	Undirected	6.0
115916	39006	Undirected	4.0
115916	-94516	Undirected	4.0
115916	94773	Undirected	4.0
115916	31883	Undirected	6.0
115916	-486867	Undirected	4.0
115916	-188962	Undirected	4.0
-94404	-159231	Undirected	6.0
-94404	44007	Undirected	6.0
-94404	81210	Undirected	6.0
-94404	39006	Undirected	4.0
-94404	-94516	Undirected	4.0
-94404	94773	Undirected	4.0
-94404	102634	Undirected	4.0
-94404	31883	Undirected	7.0
-94404	106049	Undirected	4.0
-94404	58058	Undirected	4.0
-94404	-486867	Undirected	5.0
-94404	-188962	Undirected	5.0
-94404	-111019	Undirected	4.0
-159231	44007	Undirected	6.0
-159231	81210	Undirected	6.0
-159231	39006	Undirected	4.0
-159231	-94516	Undirected	4.0
-159231	94773	Undirected	4.0
-159231	31883	Undirected	6.0
-159231	-486867	Undirected	4.0
-159231	-188962	Undirected	4.0
44007	81210	Undirected	6.0
44007	39006	Undirected	4.0
44007	-94516	Undirected	4.0
44007	94773	Undirected	4.0
44007	31883	Undirected	6.0
44007	-486867	Undirected	4.0
44007	-188962	Undirected	4.0
81210	39006	Undirected	4.0
81210	-94516	Undirected	4.0
81210	94773	Undirected	4.0
81210	31883	Undirected	6.0
81210	-486867	Undirected	4.0
81210	-188962	Undirected	4.0
3262	-189422	Undirected	4.0
3262	44531	Undirected	6.0
3262	124316	Undirected	4.0
3262	59531	Undirected	4.0
3262	50450	Undirected	4.0
3262	-118653	Undirected	4.0
3262	-112385	Undirected	4.0
3262	40402	Undirected	5.0
3262	68959	Undirected	5.0
3262	10387	Undirected	5.0
3262	76625	Undirected	8.0
3262	-418321	Undirected	4.0
3262	4468	Undirected	4.0
3262	13520	Undirected	4.0
3262	-373614	Undirected	4.0
3262	-389788	Undirected	4.0
3262	-398594	Undirected	4.0
3262	-413184	Undirected	4.0
3262	-120370	Undirected	4.0
3262	-116694	Undirected	4.0
3262	-15330	Undirected	4.0
3262	-14717	Undirected	4.0
3262	-15488	Undirected	4.0
3262	-15310	Undirected	4.0
3262	1219	Undirected	4.0
3262	103439	Undirected	4.0
3262	106093	Undirected	4.0
3262	5628	Undirected	4.0
3262	110493	Undirected	7.0
3262	102972	Undirected	4.0
3262	-70595	Undirected	5.0
3262	60514	Undirected	5.0
3262	31891	Undirected	4.0
3262	106090	Undirected	5.0
3262	54110	Undirected	4.0
3262	6728	Undirected	4.0
3262	82953	Undirected	4.0
3262	14479	Undirected	4.0
3262	36103	Undirected	4.0
3262	6372	Undirected	4.0
3262	-189092	Undirected	4.0
3262	11579	Undirected	4.0
3262	10310	Undirected	4.0
3262	12945	Undirected	4.0
3262	46177	Undirected	4.0
3262	44685	Undirected	4.0
3262	78398	Undirected	6.0
3262	88857	Undirected	6.0
3262	8111	Undirected	4.0
3262	-211480	Undirected	4.0
3262	39084	Undirected	8.0
3262	6882	Undirected	5.0
3262	2627	Undirected	4.0
3262	72895	Undirected	4.0
3262	17707	Undirected	5.0
3262	-357490	Undirected	4.0
3262	34519	Undirected	4.0
3262	35210	Undirected	5.0
3262	-21519	Undirected	5.0
3262	72554	Undirected	5.0
3262	1450	Undirected	4.0
3262	-146464	Undirected	4.0
3262	102074	Undirected	4.0
3262	-450654	Undirected	4.0
3262	87566	Undirected	5.0
3262	29756	Undirected	4.0
3262	27824	Undirected	4.0
3262	108593	Undirected	4.0
3262	-198610	Undirected	4.0
3262	109496	Undirected	4.0
3262	80862	Undirected	4.0
3262	27648	Undirected	5.0
3262	73396	Undirected	4.0
3262	-117640	Undirected	5.0
3262	98471	Undirected	5.0
3262	-198753	Undirected	4.0
3262	107194	Undirected	4.0
3262	101121	Undirected	4.0
3262	-188467	Undirected	4.0
3262	-107944	Undirected	4.0
3262	6586	Undirected	4.0
3262	5562	Undirected	4.0
3262	123706	Undirected	4.0
3262	82965	Undirected	4.0
3262	32169	Undirected	4.0
3262	32176	Undirected	4.0
3262	29788	Undirected	4.0
3262	-423577	Undirected	4.0
3262	-126494	Undirected	4.0
3262	44932	Undirected	4.0
3262	11031	Undirected	4.0
3262	16783	Undirected	4.0
3262	73469	Undirected	4.0
3262	91763	Undirected	4.0
3262	-250227	Undirected	4.0
3262	-240050	Undirected	4.0
3262	13096	Undirected	4.0
3262	41801	Undirected	5.0
3262	-188696	Undirected	4.0
3262	-98711	Undirected	4.0
3262	-19895	Undirected	4.0
3262	120848	Undirected	4.0
3262	-187035	Undirected	4.0
3262	48909	Undirected	4.0
3262	41099	Undirected	4.0
3262	74046	Undirected	4.0
3262	107590	Undirected	4.0
3262	95505	Undirected	4.0
3262	109610	Undirected	4.0
3262	-128441	Undirected	7.0
3262	7360	Undirected	4.0
3262	50582	Undirected	4.0
-189422	44531	Undirected	4.0
-189422	124316	Undirected	4.0
-189422	59531	Undirected	4.0
-189422	76625	Undirected	4.0
-189422	102972	Undirected	4.0
-189422	40612	Undirected	4.0
-189422	44685	Undirected	4.0
44531	124316	Undirected	4.0
44531	59531	Undirected	4.0
44531	100731	Undirected	4.0
44531	-187310	Undirected	4.0
44531	68959	Undirected	5.0
44531	76625	Undirected	5.0
44531	-399895	Undirected	4.0
44531	110493	Undirected	4.0
44531	98121	Undirected	4.0
44531	14115	Undirected	4.0
44531	12308	Undirected	5.0
44531	116932	Undirected	4.0
44531	102972	Undirected	4.0
44531	-70595	Undirected	4.0
44531	60514	Undirected	4.0
44531	119191	Undirected	4.0
44531	52001	Undirected	4.0
44531	110550	Undirected	4.0
44531	8323	Undirected	4.0
44531	117583	Undirected	4.0
44531	106090	Undirected	4.0
44531	39006	Undirected	4.0
44531	-426035	Undirected	4.0
44531	48095	Undirected	4.0
44531	54110	Undirected	4.0
44531	1799	Undirected	4.0
44531	42725	Undirected	5.0
44531	97323	Undirected	4.0
44531	36103	Undirected	4.0
44531	-94516	Undirected	4.0
44531	94773	Undirected	4.0
44531	-486867	Undirected	4.0
44531	-188962	Undirected	4.0
44531	39084	Undirected	4.0
44531	102074	Undirected	4.0
44531	87566	Undirected	4.0
44531	-366390	Undirected	4.0
44531	27648	Undirected	4.0
44531	-117640	Undirected	4.0
44531	46128	Undirected	7.0
44531	8465	Undirected	6.0
44531	50579	Undirected	8.0
44531	13368	Undirected	6.0
44531	16880	Undirected	6.0
44531	4553	Undirected	6.0
44531	74102	Undirected	4.0
44531	-211119	Undirected	4.0
44531	-258910	Undirected	5.0
44531	29633	Undirected	4.0
44531	94859	Undirected	4.0
44531	17160	Undirected	4.0
44531	-240050	Undirected	4.0
44531	13096	Undirected	4.0
44531	-159795	Undirected	4.0
44531	80543	Undirected	4.0
44531	-128033	Undirected	4.0
44531	-110198	Undirected	4.0
44531	-89740	Undirected	4.0
44531	96691	Undirected	4.0
44531	-128441	Undirected	4.0
44531	123469	Undirected	4.0
44531	-120856	Undirected	4.0
44531	43826	Undirected	4.0
44531	-468308	Undirected	4.0
44531	-10819	Undirected	4.0
44531	107535	Undirected	4.0
44531	50582	Undirected	4.0
44531	-165020	Undirected	4.0
44531	6534	Undirected	4.0
44531	-462639	Undirected	4.0
124316	59531	Undirected	4.0
124316	76625	Undirected	4.0
59531	-109550	Undirected	4.0
59531	76198	Undirected	4.0
59531	12495	Undirected	4.0
59531	100731	Undirected	4.0
59531	71420	Undirected	4.0
59531	9148	Undirected	5.0
59531	-187310	Undirected	5.0
59531	21865	Undirected	5.0
59531	42706	Undirected	5.0
59531	115093	Undirected	5.0
59531	68959	Undirected	4.0
59531	76625	Undirected	5.0
59531	29766	Undirected	4.0
59531	108593	Undirected	4.0
-255930	68959	Undirected	4.0
-255930	10387	Undirected	5.0
-255930	76625	Undirected	5.0
-255930	-418321	Undirected	5.0
-255930	4468	Undirected	5.0
-255930	13520	Undirected	5.0
-255930	-373614	Undirected	5.0
-255930	-389788	Undirected	5.0
-255930	-398594	Undirected	5.0
-255930	-413184	Undirected	5.0
-255930	-120370	Undirected	5.0
-255930	-116694	Undirected	5.0
-255930	-15330	Undirected	5.0
-255930	-14717	Undirected	5.0
-255930	-15488	Undirected	5.0
-255930	-15310	Undirected	5.0
-255930	1219	Undirected	5.0
-255930	95298	Undirected	5.0
-255930	5628	Undirected	4.0
-255930	-413886	Undirected	6.0
-255930	84353	Undirected	4.0
-255930	4049	Undirected	4.0
-255930	110493	Undirected	4.0
-255930	98121	Undirected	4.0
-255930	3618	Undirected	4.0
-255930	117687	Undirected	4.0
-255930	43613	Undirected	4.0
-255930	-412209	Undirected	4.0
-255930	75481	Undirected	4.0
-255930	-504137	Undirected	4.0
-255930	-116873	Undirected	4.0
-255930	101281	Undirected	4.0
-109550	76198	Undirected	5.0
-109550	12495	Undirected	5.0
-109550	100731	Undirected	5.0
-109550	71420	Undirected	5.0
-109550	9148	Undirected	4.0
-109550	-187310	Undirected	4.0
-109550	21865	Undirected	4.0
-109550	42706	Undirected	4.0
-109550	115093	Undirected	4.0
-109550	68959	Undirected	4.0
-109550	76625	Undirected	4.0
-109550	29766	Undirected	4.0
76198	12495	Undirected	5.0
76198	100731	Undirected	5.0
76198	71420	Undirected	5.0
76198	9148	Undirected	4.0
76198	-187310	Undirected	4.0
76198	21865	Undirected	4.0
76198	42706	Undirected	4.0
76198	115093	Undirected	4.0
76198	68959	Undirected	4.0
76198	76625	Undirected	4.0
76198	29766	Undirected	4.0
12495	100731	Undirected	5.0
12495	71420	Undirected	5.0
12495	9148	Undirected	4.0
12495	-187310	Undirected	4.0
12495	21865	Undirected	4.0
12495	42706	Undirected	5.0
12495	115093	Undirected	5.0
12495	68959	Undirected	5.0
12495	76625	Undirected	4.0
12495	-185097	Undirected	4.0
12495	84037	Undirected	4.0
12495	-540471	Undirected	4.0
12495	29766	Undirected	5.0
12495	48693	Undirected	4.0
100731	71420	Undirected	5.0
100731	9148	Undirected	4.0
100731	-187310	Undirected	4.0
100731	21865	Undirected	4.0
100731	42706	Undirected	4.0
100731	115093	Undirected	4.0
100731	68959	Undirected	5.0
100731	76625	Undirected	4.0
100731	-399895	Undirected	4.0
100731	29766	Undirected	4.0
100731	-383844	Undirected	4.0
100731	309	Undirected	4.0
100731	-160927	Undirected	4.0
71420	9148	Undirected	4.0
71420	-187310	Undirected	4.0
71420	21865	Undirected	4.0
71420	42706	Undirected	4.0
71420	115093	Undirected	4.0
71420	68959	Undirected	4.0
71420	76625	Undirected	4.0
71420	29766	Undirected	4.0
53920	-193871	Undirected	4.0
53920	-181125	Undirected	4.0
53920	-11556	Undirected	4.0
53920	77499	Undirected	4.0
53920	-102334	Undirected	4.0
53920	97244	Undirected	4.0
53920	-394547	Undirected	4.0
53920	29870	Undirected	4.0
53920	58293	Undirected	4.0
53920	68959	Undirected	4.0
53920	1219	Undirected	4.0
53920	-490206	Undirected	4.0
53920	-413886	Undirected	4.0
53920	-490101	Undirected	4.0
53920	-413145	Undirected	4.0
53920	-437992	Undirected	4.0
53920	92734	Undirected	4.0
53920	98490	Undirected	4.0
53920	48693	Undirected	4.0
53920	21216	Undirected	4.0
53920	105984	Undirected	5.0
53920	-124389	Undirected	4.0
53920	-86369	Undirected	4.0
53920	-56090	Undirected	4.0
53920	12295	Undirected	4.0
-193871	-181125	Undirected	4.0
-193871	-11556	Undirected	4.0
-193871	77499	Undirected	4.0
-193871	-102334	Undirected	4.0
-193871	97244	Undirected	4.0
-193871	-394547	Undirected	4.0
-193871	29870	Undirected	4.0
-193871	58293	Undirected	4.0
-193871	-490206	Undirected	4.0
-193871	-490101	Undirected	4.0
-193871	-413145	Undirected	4.0
-193871	-437992	Undirected	4.0
-193871	92734	Undirected	4.0
-193871	98490	Undirected	4.0
-193871	48693	Undirected	4.0
-193871	21216	Undirected	4.0
-193871	105984	Undirected	4.0
-193871	-124389	Undirected	4.0
-193871	-86369	Undirected	4.0
-193871	-56090	Undirected	4.0
-181125	-11556	Undirected	4.0
-181125	77499	Undirected	4.0
-181125	-102334	Undirected	4.0
-181125	97244	Undirected	4.0
-181125	-394547	Undirected	4.0
-181125	29870	Undirected	4.0
-181125	58293	Undirected	4.0
-181125	-490206	Undirected	4.0
-181125	-490101	Undirected	4.0
-181125	-413145	Undirected	4.0
-181125	-437992	Undirected	4.0
-181125	92734	Undirected	4.0
-181125	98490	Undirected	4.0
-181125	48693	Undirected	4.0
-181125	21216	Undirected	4.0
-181125	105984	Undirected	4.0
-181125	-124389	Undirected	4.0
-181125	-86369	Undirected	4.0
-181125	-56090	Undirected	4.0
-11556	77499	Undirected	4.0
-11556	-102334	Undirected	4.0
-11556	97244	Undirected	4.0
-11556	-394547	Undirected	4.0
-11556	29870	Undirected	4.0
-11556	58293	Undirected	4.0
-11556	-490206	Undirected	4.0
-11556	-413886	Undirected	4.0
-11556	-490101	Undirected	4.0
-11556	-413145	Undirected	4.0
-11556	-437992	Undirected	4.0
-11556	92734	Undirected	4.0
-11556	98490	Undirected	4.0
-11556	48693	Undirected	4.0
-11556	21216	Undirected	4.0
-11556	105984	Undirected	4.0
-11556	-124389	Undirected	4.0
-11556	-86369	Undirected	4.0
-11556	-56090	Undirected	4.0
77499	-102334	Undirected	4.0
77499	97244	Undirected	4.0
77499	-394547	Undirected	4.0
77499	29870	Undirected	4.0
77499	58293	Undirected	4.0
77499	-490206	Undirected	4.0
77499	-490101	Undirected	4.0
77499	-413145	Undirected	4.0
77499	-437992	Undirected	4.0
77499	92734	Undirected	4.0
77499	98490	Undirected	4.0
77499	48693	Undirected	4.0
77499	21216	Undirected	4.0
77499	105984	Undirected	4.0
77499	-124389	Undirected	4.0
77499	-86369	Undirected	4.0
77499	-56090	Undirected	4.0
-102334	97244	Undirected	4.0
-102334	-394547	Undirected	4.0
-102334	29870	Undirected	4.0
-102334	58293	Undirected	4.0
-102334	-490206	Undirected	4.0
-102334	-490101	Undirected	4.0
-102334	-413145	Undirected	4.0
-102334	-437992	Undirected	4.0
-102334	92734	Undirected	4.0
-102334	98490	Undirected	4.0
-102334	48693	Undirected	4.0
-102334	21216	Undirected	4.0
-102334	105984	Undirected	4.0
-102334	-124389	Undirected	4.0
-102334	-86369	Undirected	4.0
-102334	-56090	Undirected	4.0
97244	-394547	Undirected	4.0
97244	29870	Undirected	4.0
97244	58293	Undirected	4.0
97244	-490206	Undirected	4.0
97244	-490101	Undirected	4.0
97244	-413145	Undirected	4.0
97244	-437992	Undirected	4.0
97244	92734	Undirected	4.0
97244	98490	Undirected	4.0
97244	48693	Undirected	4.0
97244	21216	Undirected	4.0
97244	105984	Undirected	4.0
97244	-124389	Undirected	4.0
97244	-86369	Undirected	4.0
97244	-56090	Undirected	4.0
-394547	29870	Undirected	4.0
-394547	58293	Undirected	4.0
-394547	-490206	Undirected	4.0
-394547	-490101	Undirected	4.0
-394547	-413145	Undirected	4.0
-394547	-437992	Undirected	4.0
-394547	92734	Undirected	4.0
-394547	98490	Undirected	4.0
-394547	48693	Undirected	4.0
-394547	21216	Undirected	4.0
-394547	105984	Undirected	4.0
-394547	-124389	Undirected	4.0
-394547	-86369	Undirected	4.0
-394547	-56090	Undirected	4.0
29870	58293	Undirected	4.0
29870	-490206	Undirected	4.0
29870	-490101	Undirected	4.0
29870	-413145	Undirected	4.0
29870	-437992	Undirected	4.0
29870	92734	Undirected	4.0
29870	98490	Undirected	4.0
29870	48693	Undirected	4.0
29870	21216	Undirected	4.0
29870	105984	Undirected	4.0
29870	-124389	Undirected	4.0
29870	-86369	Undirected	4.0
29870	-56090	Undirected	4.0
110073	-113177	Undirected	4.0
110073	107145	Undirected	4.0
-113177	107145	Undirected	4.0
9148	-187310	Undirected	5.0
9148	21865	Undirected	5.0
9148	42706	Undirected	5.0
9148	115093	Undirected	5.0
9148	76625	Undirected	4.0
9148	29766	Undirected	4.0
-187310	21865	Undirected	5.0
-187310	42706	Undirected	5.0
-187310	115093	Undirected	5.0
-187310	76625	Undirected	4.0
-187310	29766	Undirected	4.0
21865	42706	Undirected	5.0
21865	115093	Undirected	5.0
21865	76625	Undirected	4.0
21865	29766	Undirected	4.0
42706	115093	Undirected	5.0
42706	68959	Undirected	4.0
42706	76625	Undirected	4.0
42706	-185097	Undirected	4.0
42706	84037	Undirected	4.0
42706	-540471	Undirected	4.0
42706	29766	Undirected	4.0
115093	76625	Undirected	4.0
115093	-304040	Undirected	4.0
115093	29766	Undirected	6.0
115093	-84373	Undirected	4.0
115093	44245	Undirected	4.0
115093	82513	Undirected	4.0
57066	-213070	Undirected	4.0
57066	48743	Undirected	4.0
57066	-410316	Undirected	4.0
57066	50526	Undirected	4.0
57066	50450	Undirected	4.0
57066	-21636	Undirected	4.0
57066	52746	Undirected	4.0
57066	-119639	Undirected	4.0
57066	-21973	Undirected	4.0
57066	-21692	Undirected	4.0
57066	-114021	Undirected	4.0
57066	-116621	Undirected	4.0
57066	-118653	Undirected	4.0
57066	-110446	Undirected	4.0
57066	-112385	Undirected	4.0
57066	72414	Undirected	4.0
57066	-65004	Undirected	4.0
57066	-160306	Undirected	4.0
57066	-16463	Undirected	4.0
57066	40402	Undirected	4.0
57066	57930	Undirected	4.0
57066	24421	Undirected	4.0
57066	58293	Undirected	5.0
57066	117498	Undirected	4.0
57066	71511	Undirected	4.0
57066	-255734	Undirected	4.0
57066	36319	Undirected	4.0
57066	84051	Undirected	4.0
57066	-215170	Undirected	4.0
57066	68959	Undirected	5.0
57066	10387	Undirected	4.0
57066	13520	Undirected	4.0
57066	-15330	Undirected	4.0
57066	-14717	Undirected	4.0
57066	1219	Undirected	4.0
57066	95298	Undirected	4.0
57066	109944	Undirected	4.0
57066	-413886	Undirected	4.0
57066	84353	Undirected	4.0
57066	-306305	Undirected	4.0
57066	4049	Undirected	4.0
57066	43613	Undirected	4.0
57066	-412209	Undirected	4.0
57066	-11028	Undirected	4.0
-213070	48743	Undirected	4.0
-213070	-410316	Undirected	4.0
-213070	50526	Undirected	4.0
-213070	50450	Undirected	4.0
-213070	-21636	Undirected	4.0
-213070	52746	Undirected	4.0
-213070	-119639	Undirected	4.0
-213070	-21973	Undirected	4.0
-213070	-21692	Undirected	4.0
-213070	-114021	Undirected	4.0
-213070	-116621	Undirected	4.0
-213070	-118653	Undirected	4.0
-213070	-110446	Undirected	4.0
-213070	-112385	Undirected	4.0
-213070	72414	Undirected	4.0
-213070	-65004	Undirected	4.0
-213070	-160306	Undirected	4.0
-213070	-16463	Undirected	4.0
-213070	40402	Undirected	4.0
-213070	57930	Undirected	4.0
-213070	24421	Undirected	4.0
-213070	58293	Undirected	4.0
-213070	117498	Undirected	4.0
-213070	71511	Undirected	4.0
-213070	-255734	Undirected	4.0
-213070	36319	Undirected	4.0
-213070	84051	Undirected	4.0
-213070	-215170	Undirected	4.0
48743	-410316	Undirected	4.0
48743	50526	Undirected	4.0
48743	50450	Undirected	4.0
48743	-21636	Undirected	4.0
48743	52746	Undirected	4.0
48743	-119639	Undirected	4.0
48743	-21973	Undirected	4.0
48743	-21692	Undirected	4.0
48743	-114021	Undirected	4.0
48743	-116621	Undirected	4.0
48743	-118653	Undirected	4.0
48743	-110446	Undirected	4.0
48743	-112385	Undirected	4.0
48743	72414	Undirected	4.0
48743	-65004	Undirected	4.0
48743	-160306	Undirected	4.0
48743	-16463	Undirected	4.0
48743	40402	Undirected	4.0
48743	57930	Undirected	4.0
48743	24421	Undirected	4.0
48743	58293	Undirected	4.0
48743	117498	Undirected	4.0
48743	71511	Undirected	4.0
48743	-255734	Undirected	4.0
48743	36319	Undirected	4.0
48743	84051	Undirected	4.0
48743	-215170	Undirected	4.0
-410316	50526	Undirected	4.0
-410316	50450	Undirected	4.0
-410316	-21636	Undirected	4.0
-410316	52746	Undirected	4.0
-410316	-119639	Undirected	4.0
-410316	-21973	Undirected	4.0
-410316	-21692	Undirected	4.0
-410316	-114021	Undirected	4.0
-410316	-116621	Undirected	4.0
-410316	-118653	Undirected	4.0
-410316	-110446	Undirected	4.0
-410316	-112385	Undirected	4.0
-410316	72414	Undirected	4.0
-410316	-65004	Undirected	4.0
-410316	-160306	Undirected	4.0
-410316	-16463	Undirected	4.0
-410316	40402	Undirected	4.0
-410316	57930	Undirected	4.0
-410316	24421	Undirected	4.0
-410316	58293	Undirected	4.0
-410316	117498	Undirected	4.0
-410316	71511	Undirected	4.0
-410316	-255734	Undirected	4.0
-410316	36319	Undirected	4.0
-410316	84051	Undirected	4.0
-410316	-215170	Undirected	4.0
50526	50450	Undirected	4.0
50526	-21636	Undirected	4.0
50526	52746	Undirected	4.0
50526	-119639	Undirected	4.0
50526	-21973	Undirected	4.0
50526	-21692	Undirected	4.0
50526	-114021	Undirected	4.0
50526	-116621	Undirected	4.0
50526	-118653	Undirected	4.0
50526	-110446	Undirected	4.0
50526	-112385	Undirected	4.0
50526	72414	Undirected	4.0
50526	-65004	Undirected	4.0
50526	-160306	Undirected	4.0
50526	-16463	Undirected	4.0
50526	40402	Undirected	4.0
50526	57930	Undirected	4.0
50526	24421	Undirected	4.0
50526	58293	Undirected	4.0
50526	117498	Undirected	5.0
50526	71511	Undirected	4.0
50526	-255734	Undirected	4.0
50526	36319	Undirected	4.0
50526	84051	Undirected	4.0
50526	-215170	Undirected	4.0
50526	68959	Undirected	4.0
50450	-21636	Undirected	4.0
50450	52746	Undirected	4.0
50450	-119639	Undirected	4.0
50450	-21973	Undirected	4.0
50450	-21692	Undirected	4.0
50450	-114021	Undirected	4.0
50450	-116621	Undirected	4.0
50450	-118653	Undirected	5.0
50450	-110446	Undirected	4.0
50450	-112385	Undirected	6.0
50450	72414	Undirected	4.0
50450	-65004	Undirected	4.0
50450	-160306	Undirected	4.0
50450	-16463	Undirected	4.0
50450	40402	Undirected	4.0
50450	57930	Undirected	4.0
50450	24421	Undirected	4.0
50450	58293	Undirected	5.0
50450	117498	Undirected	4.0
50450	71511	Undirected	4.0
50450	-255734	Undirected	4.0
50450	36319	Undirected	4.0
50450	84051	Undirected	4.0
50450	-215170	Undirected	4.0
50450	5628	Undirected	4.0
50450	-177354	Undirected	4.0
50450	2212	Undirected	4.0
50450	1080	Undirected	4.0
50450	45632	Undirected	4.0
50450	106698	Undirected	4.0
50450	67074	Undirected	4.0
-21636	52746	Undirected	4.0
-21636	-119639	Undirected	4.0
-21636	-21973	Undirected	4.0
-21636	-21692	Undirected	4.0
-21636	-114021	Undirected	4.0
-21636	-116621	Undirected	4.0
-21636	-118653	Undirected	4.0
-21636	-110446	Undirected	4.0
-21636	-112385	Undirected	4.0
-21636	72414	Undirected	4.0
-21636	-65004	Undirected	4.0
-21636	-160306	Undirected	4.0
-21636	-16463	Undirected	4.0
-21636	40402	Undirected	4.0
-21636	57930	Undirected	4.0
-21636	24421	Undirected	4.0
-21636	58293	Undirected	4.0
-21636	117498	Undirected	4.0
-21636	71511	Undirected	4.0
-21636	-255734	Undirected	4.0
-21636	36319	Undirected	4.0
-21636	84051	Undirected	4.0
-21636	-215170	Undirected	4.0
52746	-119639	Undirected	4.0
52746	-21973	Undirected	4.0
52746	-21692	Undirected	4.0
52746	-114021	Undirected	4.0
52746	-116621	Undirected	4.0
52746	-118653	Undirected	4.0
52746	-110446	Undirected	4.0
52746	-112385	Undirected	4.0
52746	72414	Undirected	4.0
52746	-65004	Undirected	4.0
52746	-160306	Undirected	4.0
52746	-16463	Undirected	4.0
52746	40402	Undirected	4.0
52746	57930	Undirected	4.0
52746	24421	Undirected	4.0
52746	58293	Undirected	4.0
52746	117498	Undirected	4.0
52746	71511	Undirected	4.0
52746	-255734	Undirected	4.0
52746	36319	Undirected	4.0
52746	84051	Undirected	4.0
52746	-215170	Undirected	4.0
-119639	-21973	Undirected	4.0
-119639	-21692	Undirected	4.0
-119639	-114021	Undirected	4.0
-119639	-116621	Undirected	4.0
-119639	-118653	Undirected	4.0
-119639	-110446	Undirected	4.0
-119639	-112385	Undirected	4.0
-119639	72414	Undirected	4.0
-119639	-65004	Undirected	4.0
-119639	-160306	Undirected	4.0
-119639	-16463	Undirected	4.0
-119639	40402	Undirected	4.0
-119639	57930	Undirected	4.0
-119639	24421	Undirected	4.0
-119639	58293	Undirected	4.0
-119639	117498	Undirected	4.0
-119639	71511	Undirected	4.0
-119639	-255734	Undirected	4.0
-119639	36319	Undirected	4.0
-119639	84051	Undirected	4.0
-119639	-215170	Undirected	4.0
-21973	-21692	Undirected	4.0
-21973	-114021	Undirected	4.0
-21973	-116621	Undirected	4.0
-21973	-118653	Undirected	4.0
-21973	-110446	Undirected	4.0
-21973	-112385	Undirected	4.0
-21973	72414	Undirected	4.0
-21973	-65004	Undirected	4.0
-21973	-160306	Undirected	4.0
-21973	-16463	Undirected	4.0
-21973	40402	Undirected	4.0
-21973	57930	Undirected	4.0
-21973	24421	Undirected	4.0
-21973	58293	Undirected	4.0
-21973	117498	Undirected	4.0
-21973	71511	Undirected	4.0
-21973	-255734	Undirected	4.0
-21973	36319	Undirected	4.0
-21973	84051	Undirected	4.0
-21973	-215170	Undirected	4.0
-21692	-114021	Undirected	4.0
-21692	-116621	Undirected	4.0
-21692	-118653	Undirected	4.0
-21692	-110446	Undirected	4.0
-21692	-112385	Undirected	4.0
-21692	72414	Undirected	4.0
-21692	-65004	Undirected	4.0
-21692	-160306	Undirected	4.0
-21692	-16463	Undirected	4.0
-21692	40402	Undirected	4.0
-21692	57930	Undirected	4.0
-21692	24421	Undirected	4.0
-21692	58293	Undirected	4.0
-21692	117498	Undirected	4.0
-21692	71511	Undirected	4.0
-21692	-255734	Undirected	4.0
-21692	36319	Undirected	4.0
-21692	84051	Undirected	4.0
-21692	-215170	Undirected	4.0
-114021	-116621	Undirected	4.0
-114021	-118653	Undirected	4.0
-114021	-110446	Undirected	4.0
-114021	-112385	Undirected	4.0
-114021	72414	Undirected	4.0
-114021	-65004	Undirected	4.0
-114021	-160306	Undirected	4.0
-114021	-16463	Undirected	4.0
-114021	40402	Undirected	4.0
-114021	57930	Undirected	4.0
-114021	24421	Undirected	4.0
-114021	58293	Undirected	4.0
-114021	117498	Undirected	4.0
-114021	71511	Undirected	4.0
-114021	-255734	Undirected	4.0
-114021	36319	Undirected	4.0
-114021	84051	Undirected	4.0
-114021	-215170	Undirected	4.0
-116621	-118653	Undirected	4.0
-116621	-110446	Undirected	4.0
-116621	-112385	Undirected	4.0
-116621	72414	Undirected	4.0
-116621	-65004	Undirected	4.0
-116621	-160306	Undirected	4.0
-116621	-16463	Undirected	4.0
-116621	40402	Undirected	4.0
-116621	57930	Undirected	4.0
-116621	24421	Undirected	4.0
-116621	58293	Undirected	4.0
-116621	117498	Undirected	4.0
-116621	71511	Undirected	4.0
-116621	-255734	Undirected	4.0
-116621	36319	Undirected	4.0
-116621	84051	Undirected	4.0
-116621	-215170	Undirected	4.0
-118653	-110446	Undirected	4.0
-118653	-112385	Undirected	5.0
-118653	72414	Undirected	4.0
-118653	-65004	Undirected	4.0
-118653	-160306	Undirected	4.0
-118653	-16463	Undirected	4.0
-118653	40402	Undirected	4.0
-118653	57930	Undirected	4.0
-118653	24421	Undirected	4.0
-118653	58293	Undirected	4.0
-118653	117498	Undirected	4.0
-118653	71511	Undirected	4.0
-118653	-255734	Undirected	4.0
-118653	36319	Undirected	4.0
-118653	84051	Undirected	4.0
-118653	-215170	Undirected	4.0
-110446	-112385	Undirected	4.0
-110446	72414	Undirected	4.0
-110446	-65004	Undirected	4.0
-110446	-160306	Undirected	4.0
-110446	-16463	Undirected	4.0
-110446	40402	Undirected	4.0
-110446	57930	Undirected	4.0
-110446	24421	Undirected	4.0
-110446	58293	Undirected	4.0
-110446	117498	Undirected	4.0
-110446	71511	Undirected	4.0
-110446	-255734	Undirected	4.0
-110446	36319	Undirected	4.0
-110446	84051	Undirected	4.0
-110446	-215170	Undirected	4.0
-112385	72414	Undirected	4.0
-112385	-65004	Undirected	4.0
-112385	-160306	Undirected	4.0
-112385	-16463	Undirected	4.0
-112385	40402	Undirected	4.0
-112385	57930	Undirected	4.0
-112385	24421	Undirected	4.0
-112385	58293	Undirected	4.0
-112385	117498	Undirected	4.0
-112385	71511	Undirected	4.0
-112385	-255734	Undirected	4.0
-112385	36319	Undirected	4.0
-112385	84051	Undirected	4.0
-112385	-215170	Undirected	4.0
-112385	5628	Undirected	4.0
72414	-65004	Undirected	4.0
72414	-160306	Undirected	4.0
72414	-16463	Undirected	4.0
72414	40402	Undirected	4.0
72414	57930	Undirected	4.0
72414	24421	Undirected	4.0
72414	58293	Undirected	4.0
72414	117498	Undirected	4.0
72414	71511	Undirected	4.0
72414	-255734	Undirected	4.0
72414	36319	Undirected	4.0
72414	84051	Undirected	4.0
72414	-215170	Undirected	4.0
-65004	-160306	Undirected	4.0
-65004	-16463	Undirected	4.0
-65004	40402	Undirected	4.0
-65004	57930	Undirected	4.0
-65004	24421	Undirected	4.0
-65004	58293	Undirected	4.0
-65004	117498	Undirected	4.0
-65004	71511	Undirected	4.0
-65004	-255734	Undirected	4.0
-65004	36319	Undirected	4.0
-65004	84051	Undirected	4.0
-65004	-215170	Undirected	4.0
-160306	-16463	Undirected	4.0
-160306	40402	Undirected	4.0
-160306	57930	Undirected	4.0
-160306	24421	Undirected	4.0
-160306	58293	Undirected	4.0
-160306	117498	Undirected	4.0
-160306	71511	Undirected	4.0
-160306	-255734	Undirected	4.0
-160306	36319	Undirected	4.0
-160306	84051	Undirected	4.0
-160306	-215170	Undirected	4.0
-16463	40402	Undirected	4.0
-16463	57930	Undirected	4.0
-16463	24421	Undirected	4.0
-16463	58293	Undirected	4.0
-16463	117498	Undirected	4.0
-16463	71511	Undirected	4.0
-16463	-255734	Undirected	4.0
-16463	36319	Undirected	4.0
-16463	84051	Undirected	4.0
-16463	-215170	Undirected	4.0
40402	57930	Undirected	4.0
40402	24421	Undirected	4.0
40402	58293	Undirected	4.0
40402	117498	Undirected	4.0
40402	71511	Undirected	4.0
40402	-255734	Undirected	4.0
40402	36319	Undirected	4.0
40402	84051	Undirected	4.0
40402	-215170	Undirected	4.0
40402	-128441	Undirected	4.0
57930	24421	Undirected	4.0
57930	58293	Undirected	4.0
57930	117498	Undirected	4.0
57930	71511	Undirected	4.0
57930	-255734	Undirected	4.0
57930	36319	Undirected	4.0
57930	84051	Undirected	4.0
57930	-215170	Undirected	4.0
24421	58293	Undirected	4.0
24421	117498	Undirected	4.0
24421	71511	Undirected	4.0
24421	-255734	Undirected	4.0
24421	36319	Undirected	4.0
24421	84051	Undirected	4.0
24421	-215170	Undirected	4.0
58293	117498	Undirected	4.0
58293	71511	Undirected	4.0
58293	-255734	Undirected	4.0
58293	36319	Undirected	4.0
58293	84051	Undirected	4.0
58293	-215170	Undirected	4.0
58293	68959	Undirected	4.0
58293	1219	Undirected	5.0
58293	-490206	Undirected	5.0
58293	-115276	Undirected	5.0
58293	42655	Undirected	4.0
58293	-413886	Undirected	4.0
58293	-490101	Undirected	4.0
58293	-306305	Undirected	4.0
58293	4049	Undirected	4.0
58293	-413145	Undirected	4.0
58293	-437992	Undirected	4.0
58293	92734	Undirected	4.0
58293	98490	Undirected	4.0
58293	48693	Undirected	4.0
58293	21216	Undirected	4.0
58293	105984	Undirected	4.0
58293	-124389	Undirected	4.0
58293	-86369	Undirected	4.0
58293	-56090	Undirected	4.0
58293	-107082	Undirected	4.0
58293	-25080	Undirected	5.0
58293	2212	Undirected	5.0
58293	1080	Undirected	4.0
58293	45632	Undirected	4.0
58293	106698	Undirected	4.0
58293	67074	Undirected	4.0
117498	71511	Undirected	4.0
117498	-255734	Undirected	4.0
117498	36319	Undirected	4.0
117498	84051	Undirected	4.0
117498	-215170	Undirected	4.0
117498	68959	Undirected	4.0
71511	-255734	Undirected	4.0
71511	36319	Undirected	4.0
71511	84051	Undirected	4.0
71511	-215170	Undirected	4.0
-255734	36319	Undirected	4.0
-255734	84051	Undirected	4.0
-255734	-215170	Undirected	4.0
36319	84051	Undirected	4.0
36319	-215170	Undirected	4.0
84051	-215170	Undirected	4.0
68959	10387	Undirected	5.0
68959	76625	Undirected	6.0
68959	-418321	Undirected	4.0
68959	4468	Undirected	4.0
68959	13520	Undirected	4.0
68959	-373614	Undirected	4.0
68959	-389788	Undirected	4.0
68959	-398594	Undirected	4.0
68959	-413184	Undirected	4.0
68959	-120370	Undirected	4.0
68959	-116694	Undirected	4.0
68959	-15330	Undirected	4.0
68959	-14717	Undirected	4.0
68959	-15488	Undirected	4.0
68959	-15310	Undirected	4.0
68959	1219	Undirected	4.0
68959	-283858	Undirected	4.0
68959	-185097	Undirected	4.0
68959	84037	Undirected	4.0
68959	-540471	Undirected	4.0
68959	103439	Undirected	4.0
68959	-399895	Undirected	4.0
68959	95298	Undirected	4.0
68959	109944	Undirected	4.0
68959	-413886	Undirected	4.0
68959	84353	Undirected	4.0
68959	-306305	Undirected	4.0
68959	4049	Undirected	4.0
68959	110493	Undirected	4.0
68959	-108516	Undirected	4.0
68959	98121	Undirected	4.0
68959	48693	Undirected	4.0
68959	105984	Undirected	4.0
68959	-188970	Undirected	4.0
68959	42685	Undirected	4.0
68959	106090	Undirected	4.0
68959	78580	Undirected	4.0
68959	-456155	Undirected	4.0
68959	39084	Undirected	4.0
68959	87566	Undirected	4.0
68959	108593	Undirected	4.0
68959	109496	Undirected	4.0
68959	15576	Undirected	4.0
68959	5779	Undirected	4.0
68959	-423574	Undirected	4.0
68959	80543	Undirected	4.0
68959	-128033	Undirected	4.0
68959	-110198	Undirected	4.0
68959	-89740	Undirected	4.0
68959	96691	Undirected	4.0
10387	76625	Undirected	11.0
10387	-418321	Undirected	8.0
10387	4468	Undirected	8.0
10387	13520	Undirected	11.0
10387	-373614	Undirected	9.0
10387	-389788	Undirected	9.0
10387	-398594	Undirected	8.0
10387	-413184	Undirected	8.0
10387	-120370	Undirected	8.0
10387	-116694	Undirected	9.0
10387	-15330	Undirected	9.0
10387	-14717	Undirected	9.0
10387	-15488	Undirected	8.0
10387	-15310	Undirected	8.0
10387	1219	Undirected	9.0
10387	-283858	Undirected	5.0
10387	95298	Undirected	5.0
10387	109944	Undirected	5.0
10387	-413886	Undirected	7.0
10387	106527	Undirected	4.0
10387	84353	Undirected	6.0
10387	4049	Undirected	5.0
10387	110493	Undirected	7.0
10387	98121	Undirected	4.0
10387	102972	Undirected	7.0
10387	-188970	Undirected	4.0
10387	30550	Undirected	4.0
10387	-361751	Undirected	4.0
10387	-289013	Undirected	4.0
10387	-229913	Undirected	4.0
10387	6728	Undirected	6.0
10387	-161562	Undirected	4.0
10387	40612	Undirected	5.0
10387	-153810	Undirected	6.0
10387	128335	Undirected	4.0
10387	-197091	Undirected	5.0
10387	-123382	Undirected	4.0
10387	12861	Undirected	4.0
10387	78580	Undirected	4.0
10387	-104233	Undirected	5.0
10387	6532	Undirected	4.0
10387	12808	Undirected	4.0
10387	-456155	Undirected	5.0
10387	3618	Undirected	4.0
10387	34988	Undirected	8.0
10387	-14173	Undirected	4.0
10387	-89055	Undirected	4.0
10387	95645	Undirected	4.0
10387	-224585	Undirected	6.0
10387	56426	Undirected	6.0
10387	44685	Undirected	9.0
10387	-150346	Undirected	5.0
10387	78398	Undirected	6.0
10387	9858	Undirected	6.0
10387	88857	Undirected	6.0
10387	54369	Undirected	5.0
10387	-399142	Undirected	4.0
10387	-154535	Undirected	4.0
10387	679	Undirected	4.0
10387	-49647	Undirected	4.0
10387	26550	Undirected	4.0
10387	103969	Undirected	5.0
10387	-395173	Undirected	5.0
10387	-196384	Undirected	4.0
10387	117687	Undirected	4.0
10387	-244010	Undirected	4.0
10387	126697	Undirected	4.0
10387	56861	Undirected	4.0
10387	43613	Undirected	4.0
10387	-412209	Undirected	5.0
10387	-362298	Undirected	5.0
10387	75481	Undirected	4.0
10387	-504137	Undirected	4.0
10387	-116873	Undirected	5.0
10387	39084	Undirected	4.0
10387	72554	Undirected	4.0
10387	108593	Undirected	4.0
10387	56489	Undirected	4.0
10387	101281	Undirected	6.0
10387	109496	Undirected	4.0
10387	-90213	Undirected	5.0
10387	10640	Undirected	4.0
10387	107194	Undirected	4.0
10387	-140023	Undirected	6.0
10387	65572	Undirected	4.0
10387	48889	Undirected	6.0
10387	-417821	Undirected	5.0
10387	-423371	Undirected	5.0
10387	-435967	Undirected	6.0
10387	-437916	Undirected	7.0
10387	28147	Undirected	5.0
10387	124382	Undirected	5.0
10387	-271973	Undirected	5.0
10387	-160778	Undirected	5.0
10387	-156057	Undirected	5.0
10387	-125228	Undirected	5.0
10387	-117033	Undirected	5.0
10387	-108747	Undirected	5.0
10387	-91059	Undirected	5.0
10387	-88127	Undirected	5.0
10387	-88121	Undirected	5.0
10387	-17477	Undirected	5.0
10387	-11250	Undirected	5.0
10387	-3249	Undirected	5.0
10387	83362	Undirected	5.0
10387	-533001	Undirected	5.0
10387	-545013	Undirected	5.0
10387	117283	Undirected	4.0
10387	-460230	Undirected	4.0
10387	-11028	Undirected	4.0
10387	36017	Undirected	5.0
10387	-467365	Undirected	4.0
10387	-114894	Undirected	4.0
10387	80062	Undirected	4.0
10387	-443602	Undirected	4.0
10387	123849	Undirected	4.0
10387	78277	Undirected	4.0
10387	128838	Undirected	4.0
10387	-462042	Undirected	4.0
10387	15654	Undirected	4.0
10387	120065	Undirected	4.0
10387	-160495	Undirected	4.0
10387	-118249	Undirected	4.0
10387	-115191	Undirected	4.0
76625	-418321	Undirected	8.0
76625	4468	Undirected	8.0
76625	13520	Undirected	8.0
76625	-373614	Undirected	8.0
76625	-389788	Undirected	8.0
76625	-398594	Undirected	8.0
76625	-413184	Undirected	8.0
76625	-120370	Undirected	8.0
76625	-116694	Undirected	8.0
76625	-15330	Undirected	8.0
76625	-14717	Undirected	8.0
76625	-15488	Undirected	8.0
76625	-15310	Undirected	8.0
76625	1219	Undirected	8.0
76625	-283858	Undirected	6.0
76625	103439	Undirected	4.0
76625	106093	Undirected	4.0
76625	95298	Undirected	4.0
76625	-413886	Undirected	6.0
76625	-304040	Undirected	4.0
76625	29766	Undirected	4.0
76625	106527	Undirected	4.0
76625	84353	Undirected	5.0
76625	4049	Undirected	4.0
76625	110493	Undirected	9.0
76625	98121	Undirected	4.0
76625	102972	Undirected	5.0
76625	-70595	Undirected	4.0
76625	60514	Undirected	4.0
76625	42685	Undirected	4.0
76625	54110	Undirected	5.0
76625	-180790	Undirected	4.0
76625	108534	Undirected	4.0
76625	6728	Undirected	6.0
76625	-153810	Undirected	5.0
76625	-197091	Undirected	4.0
76625	-123382	Undirected	5.0
76625	12861	Undirected	4.0
76625	78580	Undirected	5.0
76625	-104233	Undirected	5.0
76625	6532	Undirected	4.0
76625	12808	Undirected	4.0
76625	-456155	Undirected	5.0
76625	34988	Undirected	5.0
76625	-224585	Undirected	4.0
76625	56426	Undirected	4.0
76625	44685	Undirected	7.0
76625	-150346	Undirected	5.0
76625	78398	Undirected	8.0
76625	9858	Undirected	6.0
76625	88857	Undirected	8.0
76625	54369	Undirected	5.0
76625	-154535	Undirected	4.0
76625	103969	Undirected	5.0
76625	-395173	Undirected	4.0
76625	56861	Undirected	4.0
76625	-362298	Undirected	5.0
76625	75481	Undirected	4.0
76625	-116873	Undirected	5.0
76625	8111	Undirected	4.0
76625	-211480	Undirected	4.0
76625	39084	Undirected	7.0
76625	6882	Undirected	5.0
76625	2627	Undirected	4.0
76625	72895	Undirected	4.0
76625	17707	Undirected	5.0
76625	-357490	Undirected	4.0
76625	34519	Undirected	4.0
76625	35210	Undirected	5.0
76625	-21519	Undirected	4.0
76625	72554	Undirected	6.0
76625	1450	Undirected	4.0
76625	-146464	Undirected	4.0
76625	102074	Undirected	4.0
76625	-450654	Undirected	4.0
76625	87566	Undirected	5.0
76625	87331	Undirected	4.0
76625	108593	Undirected	5.0
76625	101281	Undirected	5.0
76625	-198610	Undirected	4.0
76625	109496	Undirected	5.0
76625	-90213	Undirected	4.0
76625	10640	Undirected	4.0
76625	-117640	Undirected	5.0
76625	-198753	Undirected	5.0
76625	107194	Undirected	4.0
76625	-140023	Undirected	4.0
76625	-435967	Undirected	4.0
76625	-437916	Undirected	4.0
76625	-533001	Undirected	4.0
76625	-545013	Undirected	4.0
76625	-128441	Undirected	4.0
-418321	4468	Undirected	8.0
-418321	13520	Undirected	8.0
-418321	-373614	Undirected	8.0
-418321	-389788	Undirected	8.0
-418321	-398594	Undirected	8.0
-418321	-413184	Undirected	8.0
-418321	-120370	Undirected	8.0
-418321	-116694	Undirected	8.0
-418321	-15330	Undirected	8.0
-418321	-14717	Undirected	8.0
-418321	-15488	Undirected	8.0
-418321	-15310	Undirected	8.0
-418321	1219	Undirected	8.0
-418321	-283858	Undirected	4.0
-418321	95298	Undirected	4.0
-418321	-413886	Undirected	5.0
-418321	106527	Undirected	4.0
-418321	84353	Undirected	4.0
-418321	4049	Undirected	4.0
-418321	110493	Undirected	4.0
-418321	6728	Undirected	4.0
-418321	-153810	Undirected	4.0
-418321	78580	Undirected	4.0
-418321	-104233	Undirected	4.0
-418321	6532	Undirected	4.0
-418321	12808	Undirected	4.0
-418321	-456155	Undirected	4.0
-418321	34988	Undirected	5.0
-418321	-224585	Undirected	4.0
-418321	44685	Undirected	4.0
-418321	103969	Undirected	4.0
-418321	-362298	Undirected	4.0
-418321	-116873	Undirected	4.0
-418321	101281	Undirected	4.0
-418321	-140023	Undirected	4.0
-418321	-435967	Undirected	4.0
-418321	-437916	Undirected	4.0
-418321	-533001	Undirected	4.0
-418321	-545013	Undirected	4.0
4468	13520	Undirected	8.0
4468	-373614	Undirected	8.0
4468	-389788	Undirected	8.0
4468	-398594	Undirected	8.0
4468	-413184	Undirected	8.0
4468	-120370	Undirected	8.0
4468	-116694	Undirected	8.0
4468	-15330	Undirected	8.0
4468	-14717	Undirected	8.0
4468	-15488	Undirected	8.0
4468	-15310	Undirected	8.0
4468	1219	Undirected	8.0
4468	-283858	Undirected	4.0
4468	95298	Undirected	4.0
4468	-413886	Undirected	5.0
4468	106527	Undirected	4.0
4468	84353	Undirected	4.0
4468	4049	Undirected	4.0
4468	110493	Undirected	4.0
4468	6728	Undirected	4.0
4468	-153810	Undirected	4.0
4468	78580	Undirected	4.0
4468	-104233	Undirected	4.0
4468	6532	Undirected	4.0
4468	12808	Undirected	4.0
4468	-456155	Undirected	4.0
4468	34988	Undirected	5.0
4468	-224585	Undirected	4.0
4468	44685	Undirected	4.0
4468	103969	Undirected	4.0
4468	-362298	Undirected	4.0
4468	-116873	Undirected	4.0
4468	101281	Undirected	4.0
4468	-140023	Undirected	4.0
4468	-435967	Undirected	4.0
4468	-437916	Undirected	4.0
4468	-533001	Undirected	4.0
4468	-545013	Undirected	4.0
13520	-373614	Undirected	9.0
13520	-389788	Undirected	9.0
13520	-398594	Undirected	8.0
13520	-413184	Undirected	8.0
13520	-120370	Undirected	8.0
13520	-116694	Undirected	9.0
13520	-15330	Undirected	9.0
13520	-14717	Undirected	9.0
13520	-15488	Undirected	8.0
13520	-15310	Undirected	8.0
13520	1219	Undirected	9.0
13520	-283858	Undirected	4.0
13520	95298	Undirected	5.0
13520	109944	Undirected	5.0
13520	-413886	Undirected	6.0
13520	106527	Undirected	4.0
13520	84353	Undirected	5.0
13520	4049	Undirected	5.0
13520	110493	Undirected	4.0
13520	102972	Undirected	6.0
13520	-188970	Undirected	4.0
13520	30550	Undirected	4.0
13520	-361751	Undirected	4.0
13520	-289013	Undirected	4.0
13520	-229913	Undirected	4.0
13520	6728	Undirected	5.0
13520	-161562	Undirected	4.0
13520	40612	Undirected	5.0
13520	-153810	Undirected	5.0
13520	128335	Undirected	4.0
13520	78580	Undirected	4.0
13520	-104233	Undirected	4.0
13520	6532	Undirected	4.0
13520	12808	Undirected	4.0
13520	-456155	Undirected	5.0
13520	3618	Undirected	4.0
13520	34988	Undirected	8.0
13520	-14173	Undirected	4.0
13520	-89055	Undirected	4.0
13520	95645	Undirected	4.0
13520	-224585	Undirected	6.0
13520	56426	Undirected	5.0
13520	44685	Undirected	7.0
13520	103969	Undirected	4.0
13520	-395173	Undirected	4.0
13520	-196384	Undirected	4.0
13520	117687	Undirected	4.0
13520	-244010	Undirected	4.0
13520	126697	Undirected	4.0
13520	56861	Undirected	4.0
13520	43613	Undirected	4.0
13520	-412209	Undirected	5.0
13520	-362298	Undirected	4.0
13520	-504137	Undirected	4.0
13520	-116873	Undirected	4.0
13520	108593	Undirected	4.0
13520	101281	Undirected	5.0
13520	-90213	Undirected	4.0
13520	-140023	Undirected	6.0
13520	65572	Undirected	4.0
13520	48889	Undirected	6.0
13520	-417821	Undirected	5.0
13520	-423371	Undirected	5.0
13520	-435967	Undirected	6.0
13520	-437916	Undirected	7.0
13520	28147	Undirected	5.0
13520	124382	Undirected	5.0
13520	-271973	Undirected	5.0
13520	-160778	Undirected	5.0
13520	-156057	Undirected	5.0
13520	-125228	Undirected	5.0
13520	-117033	Undirected	5.0
13520	-108747	Undirected	5.0
13520	-91059	Undirected	5.0
13520	-88127	Undirected	5.0
13520	-88121	Undirected	5.0
13520	-17477	Undirected	5.0
13520	-11250	Undirected	5.0
13520	-3249	Undirected	5.0
13520	83362	Undirected	5.0
13520	-533001	Undirected	5.0
13520	-545013	Undirected	5.0
13520	117283	Undirected	4.0
13520	-460230	Undirected	4.0
13520	-11028	Undirected	4.0
13520	36017	Undirected	5.0
13520	-114894	Undirected	4.0
13520	80062	Undirected	4.0
13520	-443602	Undirected	4.0
13520	123849	Undirected	4.0
13520	78277	Undirected	4.0
13520	128838	Undirected	4.0
13520	-462042	Undirected	4.0
13520	15654	Undirected	4.0
13520	120065	Undirected	4.0
13520	-160495	Undirected	4.0
13520	-118249	Undirected	4.0
13520	-115191	Undirected	4.0
-373614	-389788	Undirected	9.0
-373614	-398594	Undirected	8.0
-373614	-413184	Undirected	8.0
-373614	-120370	Undirected	8.0
-373614	-116694	Undirected	8.0
-373614	-15330	Undirected	8.0
-373614	-14717	Undirected	8.0
-373614	-15488	Undirected	8.0
-373614	-15310	Undirected	8.0
-373614	1219	Undirected	8.0
-373614	-283858	Undirected	4.0
-373614	95298	Undirected	4.0
-373614	-413886	Undirected	5.0
-373614	106527	Undirected	4.0
-373614	84353	Undirected	4.0
-373614	4049	Undirected	4.0
-373614	110493	Undirected	4.0
-373614	102972	Undirected	4.0
-373614	6728	Undirected	4.0
-373614	-153810	Undirected	4.0
-373614	78580	Undirected	4.0
-373614	-104233	Undirected	4.0
-373614	6532	Undirected	4.0
-373614	12808	Undirected	4.0
-373614	-456155	Undirected	4.0
-373614	34988	Undirected	6.0
-373614	-224585	Undirected	5.0
-373614	56426	Undirected	4.0
-373614	44685	Undirected	5.0
-373614	103969	Undirected	4.0
-373614	-244010	Undirected	4.0
-373614	126697	Undirected	4.0
-373614	56861	Undirected	4.0
-373614	-412209	Undirected	4.0
-373614	-362298	Undirected	4.0
-373614	-116873	Undirected	4.0
-373614	101281	Undirected	4.0
-373614	-90213	Undirected	4.0
-373614	-140023	Undirected	5.0
-373614	48889	Undirected	4.0
-373614	-417821	Undirected	4.0
-373614	-423371	Undirected	4.0
-373614	-435967	Undirected	5.0
-373614	-437916	Undirected	5.0
-373614	28147	Undirected	4.0
-373614	124382	Undirected	4.0
-373614	-271973	Undirected	4.0
-373614	-160778	Undirected	4.0
-373614	-156057	Undirected	4.0
-373614	-125228	Undirected	4.0
-373614	-117033	Undirected	4.0
-373614	-108747	Undirected	4.0
-373614	-91059	Undirected	4.0
-373614	-88127	Undirected	4.0
-373614	-88121	Undirected	4.0
-373614	-17477	Undirected	4.0
-373614	-11250	Undirected	4.0
-373614	-3249	Undirected	4.0
-373614	83362	Undirected	4.0
-373614	-533001	Undirected	5.0
-373614	-545013	Undirected	5.0
-373614	117283	Undirected	4.0
-373614	-460230	Undirected	4.0
-389788	-398594	Undirected	8.0
-389788	-413184	Undirected	8.0
-389788	-120370	Undirected	8.0
-389788	-116694	Undirected	8.0
-389788	-15330	Undirected	8.0
-389788	-14717	Undirected	8.0
-389788	-15488	Undirected	8.0
-389788	-15310	Undirected	8.0
-389788	1219	Undirected	8.0
-389788	-283858	Undirected	4.0
-389788	95298	Undirected	4.0
-389788	-413886	Undirected	5.0
-389788	106527	Undirected	4.0
-389788	84353	Undirected	4.0
-389788	4049	Undirected	4.0
-389788	110493	Undirected	4.0
-389788	102972	Undirected	4.0
-389788	6728	Undirected	4.0
-389788	-153810	Undirected	4.0
-389788	78580	Undirected	4.0
-389788	-104233	Undirected	4.0
-389788	6532	Undirected	4.0
-389788	12808	Undirected	4.0
-389788	-456155	Undirected	4.0
-389788	34988	Undirected	6.0
-389788	-224585	Undirected	5.0
-389788	56426	Undirected	4.0
-389788	44685	Undirected	5.0
-389788	103969	Undirected	4.0
-389788	-244010	Undirected	4.0
-389788	126697	Undirected	4.0
-389788	56861	Undirected	4.0
-389788	-412209	Undirected	4.0
-389788	-362298	Undirected	4.0
-389788	-116873	Undirected	4.0
-389788	101281	Undirected	4.0
-389788	-90213	Undirected	4.0
-389788	-140023	Undirected	5.0
-389788	48889	Undirected	4.0
-389788	-417821	Undirected	4.0
-389788	-423371	Undirected	4.0
-389788	-435967	Undirected	5.0
-389788	-437916	Undirected	5.0
-389788	28147	Undirected	4.0
-389788	124382	Undirected	4.0
-389788	-271973	Undirected	4.0
-389788	-160778	Undirected	4.0
-389788	-156057	Undirected	4.0
-389788	-125228	Undirected	4.0
-389788	-117033	Undirected	4.0
-389788	-108747	Undirected	4.0
-389788	-91059	Undirected	4.0
-389788	-88127	Undirected	4.0
-389788	-88121	Undirected	4.0
-389788	-17477	Undirected	4.0
-389788	-11250	Undirected	4.0
-389788	-3249	Undirected	4.0
-389788	83362	Undirected	4.0
-389788	-533001	Undirected	5.0
-389788	-545013	Undirected	5.0
-389788	117283	Undirected	4.0
-389788	-460230	Undirected	4.0
-398594	-413184	Undirected	8.0
-398594	-120370	Undirected	8.0
-398594	-116694	Undirected	8.0
-398594	-15330	Undirected	8.0
-398594	-14717	Undirected	8.0
-398594	-15488	Undirected	8.0
-398594	-15310	Undirected	8.0
-398594	1219	Undirected	8.0
-398594	-283858	Undirected	4.0
-398594	95298	Undirected	4.0
-398594	-413886	Undirected	5.0
-398594	106527	Undirected	4.0
-398594	84353	Undirected	4.0
-398594	4049	Undirected	4.0
-398594	110493	Undirected	4.0
-398594	6728	Undirected	4.0
-398594	-153810	Undirected	4.0
-398594	78580	Undirected	4.0
-398594	-104233	Undirected	4.0
-398594	6532	Undirected	4.0
-398594	12808	Undirected	4.0
-398594	-456155	Undirected	4.0
-398594	34988	Undirected	5.0
-398594	-224585	Undirected	4.0
-398594	44685	Undirected	4.0
-398594	103969	Undirected	4.0
-398594	-362298	Undirected	4.0
-398594	-116873	Undirected	4.0
-398594	101281	Undirected	4.0
-398594	-140023	Undirected	4.0
-398594	-435967	Undirected	4.0
-398594	-437916	Undirected	4.0
-398594	-533001	Undirected	4.0
-398594	-545013	Undirected	4.0
-413184	-120370	Undirected	8.0
-413184	-116694	Undirected	8.0
-413184	-15330	Undirected	8.0
-413184	-14717	Undirected	8.0
-413184	-15488	Undirected	8.0
-413184	-15310	Undirected	8.0
-413184	1219	Undirected	8.0
-413184	-283858	Undirected	4.0
-413184	95298	Undirected	4.0
-413184	-413886	Undirected	5.0
-413184	106527	Undirected	4.0
-413184	84353	Undirected	4.0
-413184	4049	Undirected	4.0
-413184	110493	Undirected	4.0
-413184	6728	Undirected	4.0
-413184	-153810	Undirected	4.0
-413184	78580	Undirected	4.0
-413184	-104233	Undirected	4.0
-413184	6532	Undirected	4.0
-413184	12808	Undirected	4.0
-413184	-456155	Undirected	4.0
-413184	34988	Undirected	5.0
-413184	-224585	Undirected	4.0
-413184	44685	Undirected	4.0
-413184	103969	Undirected	4.0
-413184	-362298	Undirected	4.0
-413184	-116873	Undirected	4.0
-413184	101281	Undirected	4.0
-413184	-140023	Undirected	4.0
-413184	-435967	Undirected	4.0
-413184	-437916	Undirected	4.0
-413184	-533001	Undirected	4.0
-413184	-545013	Undirected	4.0
-120370	-116694	Undirected	8.0
-120370	-15330	Undirected	8.0
-120370	-14717	Undirected	8.0
-120370	-15488	Undirected	8.0
-120370	-15310	Undirected	8.0
-120370	1219	Undirected	8.0
-120370	-283858	Undirected	4.0
-120370	95298	Undirected	4.0
-120370	-413886	Undirected	5.0
-120370	106527	Undirected	4.0
-120370	84353	Undirected	4.0
-120370	4049	Undirected	4.0
-120370	110493	Undirected	4.0
-120370	6728	Undirected	4.0
-120370	-153810	Undirected	4.0
-120370	78580	Undirected	4.0
-120370	-104233	Undirected	4.0
-120370	6532	Undirected	4.0
-120370	12808	Undirected	4.0
-120370	-456155	Undirected	4.0
-120370	34988	Undirected	5.0
-120370	-224585	Undirected	4.0
-120370	44685	Undirected	4.0
-120370	103969	Undirected	4.0
-120370	-362298	Undirected	4.0
-120370	-116873	Undirected	4.0
-120370	101281	Undirected	4.0
-120370	-140023	Undirected	4.0
-120370	-435967	Undirected	4.0
-120370	-437916	Undirected	4.0
-120370	-533001	Undirected	4.0
-120370	-545013	Undirected	4.0
-116694	-15330	Undirected	8.0
-116694	-14717	Undirected	8.0
-116694	-15488	Undirected	8.0
-116694	-15310	Undirected	8.0
-116694	1219	Undirected	8.0
-116694	-283858	Undirected	4.0
-116694	95298	Undirected	4.0
-116694	109944	Undirected	4.0
-116694	-413886	Undirected	5.0
-116694	106527	Undirected	4.0
-116694	84353	Undirected	4.0
-116694	4049	Undirected	4.0
-116694	110493	Undirected	4.0
-116694	102972	Undirected	4.0
-116694	6728	Undirected	4.0
-116694	40612	Undirected	4.0
-116694	-153810	Undirected	4.0
-116694	78580	Undirected	4.0
-116694	-104233	Undirected	4.0
-116694	6532	Undirected	4.0
-116694	12808	Undirected	4.0
-116694	-456155	Undirected	4.0
-116694	3618	Undirected	4.0
-116694	34988	Undirected	6.0
-116694	-224585	Undirected	4.0
-116694	44685	Undirected	5.0
-116694	103969	Undirected	4.0
-116694	-362298	Undirected	4.0
-116694	-116873	Undirected	4.0
-116694	101281	Undirected	4.0
-116694	-140023	Undirected	4.0
-116694	48889	Undirected	4.0
-116694	-435967	Undirected	4.0
-116694	-437916	Undirected	5.0
-116694	-533001	Undirected	4.0
-116694	-545013	Undirected	4.0
-116694	36017	Undirected	4.0
-15330	-14717	Undirected	9.0
-15330	-15488	Undirected	8.0
-15330	-15310	Undirected	8.0
-15330	1219	Undirected	9.0
-15330	-283858	Undirected	4.0
-15330	95298	Undirected	5.0
-15330	109944	Undirected	4.0
-15330	-413886	Undirected	6.0
-15330	106527	Undirected	4.0
-15330	84353	Undirected	5.0
-15330	4049	Undirected	5.0
-15330	110493	Undirected	4.0
-15330	102972	Undirected	4.0
-15330	-188970	Undirected	4.0
-15330	30550	Undirected	4.0
-15330	-361751	Undirected	4.0
-15330	-289013	Undirected	4.0
-15330	-229913	Undirected	4.0
-15330	6728	Undirected	5.0
-15330	-161562	Undirected	4.0
-15330	40612	Undirected	4.0
-15330	-153810	Undirected	5.0
-15330	128335	Undirected	4.0
-15330	78580	Undirected	4.0
-15330	-104233	Undirected	4.0
-15330	6532	Undirected	4.0
-15330	12808	Undirected	4.0
-15330	-456155	Undirected	5.0
-15330	34988	Undirected	6.0
-15330	-224585	Undirected	5.0
-15330	56426	Undirected	4.0
-15330	44685	Undirected	5.0
-15330	103969	Undirected	4.0
-15330	-395173	Undirected	4.0
-15330	-196384	Undirected	4.0
-15330	117687	Undirected	4.0
-15330	43613	Undirected	4.0
-15330	-412209	Undirected	4.0
-15330	-362298	Undirected	4.0
-15330	-504137	Undirected	4.0
-15330	-116873	Undirected	4.0
-15330	108593	Undirected	4.0
-15330	101281	Undirected	5.0
-15330	-140023	Undirected	5.0
-15330	48889	Undirected	4.0
-15330	-417821	Undirected	4.0
-15330	-423371	Undirected	4.0
-15330	-435967	Undirected	5.0
-15330	-437916	Undirected	5.0
-15330	28147	Undirected	4.0
-15330	124382	Undirected	4.0
-15330	-271973	Undirected	4.0
-15330	-160778	Undirected	4.0
-15330	-156057	Undirected	4.0
-15330	-125228	Undirected	4.0
-15330	-117033	Undirected	4.0
-15330	-108747	Undirected	4.0
-15330	-91059	Undirected	4.0
-15330	-88127	Undirected	4.0
-15330	-88121	Undirected	4.0
-15330	-17477	Undirected	4.0
-15330	-11250	Undirected	4.0
-15330	-3249	Undirected	4.0
-15330	83362	Undirected	4.0
-15330	-533001	Undirected	4.0
-15330	-545013	Undirected	4.0
-15330	36017	Undirected	4.0
-15330	-114894	Undirected	4.0
-15330	80062	Undirected	4.0
-15330	-443602	Undirected	4.0
-15330	123849	Undirected	4.0
-15330	78277	Undirected	4.0
-15330	128838	Undirected	4.0
-15330	-462042	Undirected	4.0
-15330	15654	Undirected	4.0
-15330	120065	Undirected	4.0
-15330	-160495	Undirected	4.0
-15330	-118249	Undirected	4.0
-15330	-115191	Undirected	4.0
-14717	-15488	Undirected	8.0
-14717	-15310	Undirected	8.0
-14717	1219	Undirected	9.0
-14717	-283858	Undirected	4.0
-14717	95298	Undirected	5.0
-14717	109944	Undirected	4.0
-14717	-413886	Undirected	6.0
-14717	106527	Undirected	4.0
-14717	84353	Undirected	5.0
-14717	4049	Undirected	5.0
-14717	110493	Undirected	4.0
-14717	102972	Undirected	4.0
-14717	-188970	Undirected	4.0
-14717	30550	Undirected	4.0
-14717	-361751	Undirected	4.0
-14717	-289013	Undirected	4.0
-14717	-229913	Undirected	4.0
-14717	6728	Undirected	5.0
-14717	-161562	Undirected	4.0
-14717	40612	Undirected	4.0
-14717	-153810	Undirected	5.0
-14717	128335	Undirected	4.0
-14717	78580	Undirected	4.0
-14717	-104233	Undirected	4.0
-14717	6532	Undirected	4.0
-14717	12808	Undirected	4.0
-14717	-456155	Undirected	5.0
-14717	34988	Undirected	6.0
-14717	-224585	Undirected	5.0
-14717	56426	Undirected	4.0
-14717	44685	Undirected	5.0
-14717	103969	Undirected	4.0
-14717	-395173	Undirected	4.0
-14717	-196384	Undirected	4.0
-14717	117687	Undirected	4.0
-14717	43613	Undirected	4.0
-14717	-412209	Undirected	4.0
-14717	-362298	Undirected	4.0
-14717	-504137	Undirected	4.0
-14717	-116873	Undirected	4.0
-14717	108593	Undirected	4.0
-14717	101281	Undirected	5.0
-14717	-140023	Undirected	5.0
-14717	48889	Undirected	4.0
-14717	-417821	Undirected	4.0
-14717	-423371	Undirected	4.0
-14717	-435967	Undirected	5.0
-14717	-437916	Undirected	5.0
-14717	28147	Undirected	4.0
-14717	124382	Undirected	4.0
-14717	-271973	Undirected	4.0
-14717	-160778	Undirected	4.0
-14717	-156057	Undirected	4.0
-14717	-125228	Undirected	4.0
-14717	-117033	Undirected	4.0
-14717	-108747	Undirected	4.0
-14717	-91059	Undirected	4.0
-14717	-88127	Undirected	4.0
-14717	-88121	Undirected	4.0
-14717	-17477	Undirected	4.0
-14717	-11250	Undirected	4.0
-14717	-3249	Undirected	4.0
-14717	83362	Undirected	4.0
-14717	-533001	Undirected	4.0
-14717	-545013	Undirected	4.0
-14717	36017	Undirected	4.0
-14717	-114894	Undirected	4.0
-14717	80062	Undirected	4.0
-14717	-443602	Undirected	4.0
-14717	123849	Undirected	4.0
-14717	78277	Undirected	4.0
-14717	128838	Undirected	4.0
-14717	-462042	Undirected	4.0
-14717	15654	Undirected	4.0
-14717	120065	Undirected	4.0
-14717	-160495	Undirected	4.0
-14717	-118249	Undirected	4.0
-14717	-115191	Undirected	4.0
-15488	-15310	Undirected	8.0
-15488	1219	Undirected	8.0
-15488	-283858	Undirected	4.0
-15488	95298	Undirected	4.0
-15488	-413886	Undirected	5.0
-15488	106527	Undirected	4.0
-15488	84353	Undirected	4.0
-15488	4049	Undirected	4.0
-15488	110493	Undirected	4.0
-15488	6728	Undirected	4.0
-15488	-153810	Undirected	4.0
-15488	78580	Undirected	4.0
-15488	-104233	Undirected	4.0
-15488	6532	Undirected	4.0
-15488	12808	Undirected	4.0
-15488	-456155	Undirected	4.0
-15488	34988	Undirected	5.0
-15488	-224585	Undirected	4.0
-15488	44685	Undirected	4.0
-15488	103969	Undirected	4.0
-15488	-362298	Undirected	4.0
-15488	-116873	Undirected	4.0
-15488	101281	Undirected	4.0
-15488	-140023	Undirected	4.0
-15488	-435967	Undirected	4.0
-15488	-437916	Undirected	4.0
-15488	-533001	Undirected	4.0
-15488	-545013	Undirected	4.0
-15310	1219	Undirected	8.0
-15310	-283858	Undirected	4.0
-15310	95298	Undirected	4.0
-15310	-413886	Undirected	5.0
-15310	106527	Undirected	4.0
-15310	84353	Undirected	4.0
-15310	4049	Undirected	4.0
-15310	110493	Undirected	4.0
-15310	6728	Undirected	4.0
-15310	-153810	Undirected	4.0
-15310	78580	Undirected	4.0
-15310	-104233	Undirected	4.0
-15310	6532	Undirected	4.0
-15310	12808	Undirected	4.0
-15310	-456155	Undirected	4.0
-15310	34988	Undirected	5.0
-15310	-224585	Undirected	4.0
-15310	44685	Undirected	4.0
-15310	103969	Undirected	4.0
-15310	-362298	Undirected	4.0
-15310	-116873	Undirected	4.0
-15310	101281	Undirected	4.0
-15310	-140023	Undirected	4.0
-15310	-435967	Undirected	4.0
-15310	-437916	Undirected	4.0
-15310	-533001	Undirected	4.0
-15310	-545013	Undirected	4.0
1219	-283858	Undirected	4.0
1219	95298	Undirected	5.0
1219	51635	Undirected	4.0
1219	-190482	Undirected	4.0
1219	-115276	Undirected	4.0
1219	42655	Undirected	4.0
1219	129285	Undirected	4.0
1219	114631	Undirected	4.0
1219	109944	Undirected	4.0
1219	-413886	Undirected	7.0
1219	106527	Undirected	4.0
1219	84353	Undirected	5.0
1219	4049	Undirected	7.0
1219	110493	Undirected	4.0
1219	105984	Undirected	4.0
1219	12295	Undirected	5.0
1219	102972	Undirected	4.0
1219	-188970	Undirected	4.0
1219	17222	Undirected	6.0
1219	30550	Undirected	4.0
1219	-361751	Undirected	4.0
1219	-289013	Undirected	4.0
1219	-229913	Undirected	4.0
1219	6728	Undirected	5.0
1219	-161562	Undirected	4.0
1219	40612	Undirected	4.0
1219	-153810	Undirected	5.0
1219	128335	Undirected	4.0
1219	78580	Undirected	5.0
1219	-104233	Undirected	5.0
1219	6532	Undirected	5.0
1219	12808	Undirected	5.0
1219	-456155	Undirected	6.0
1219	34988	Undirected	6.0
1219	-224585	Undirected	5.0
1219	56426	Undirected	4.0
1219	44685	Undirected	5.0
1219	-154535	Undirected	4.0
1219	103969	Undirected	4.0
1219	-395173	Undirected	4.0
1219	-196384	Undirected	5.0
1219	-120186	Undirected	4.0
1219	-81804	Undirected	4.0
1219	-248332	Undirected	4.0
1219	117687	Undirected	5.0
1219	2755	Undirected	4.0
1219	-244010	Undirected	4.0
1219	126697	Undirected	4.0
1219	56861	Undirected	4.0
1219	98571	Undirected	9.0
1219	43613	Undirected	4.0
1219	-412209	Undirected	4.0
1219	-362298	Undirected	4.0
1219	-504137	Undirected	4.0
1219	-116873	Undirected	4.0
1219	108593	Undirected	4.0
1219	101281	Undirected	5.0
1219	109496	Undirected	4.0
1219	-90213	Undirected	4.0
1219	-140023	Undirected	5.0
1219	48889	Undirected	4.0
1219	-417821	Undirected	4.0
1219	-423371	Undirected	4.0
1219	-435967	Undirected	5.0
1219	-437916	Undirected	5.0
1219	28147	Undirected	4.0
1219	124382	Undirected	4.0
1219	-271973	Undirected	4.0
1219	-160778	Undirected	4.0
1219	-156057	Undirected	4.0
1219	-125228	Undirected	4.0
1219	-117033	Undirected	4.0
1219	-108747	Undirected	4.0
1219	-91059	Undirected	4.0
1219	-88127	Undirected	4.0
1219	-88121	Undirected	4.0
1219	-17477	Undirected	4.0
1219	-11250	Undirected	4.0
1219	-3249	Undirected	4.0
1219	83362	Undirected	4.0
1219	-533001	Undirected	4.0
1219	-545013	Undirected	4.0
1219	43134	Undirected	4.0
1219	36017	Undirected	4.0
1219	-114894	Undirected	4.0
1219	80062	Undirected	4.0
1219	-443602	Undirected	4.0
1219	123849	Undirected	4.0
1219	78277	Undirected	4.0
1219	128838	Undirected	4.0
1219	-462042	Undirected	4.0
1219	15654	Undirected	4.0
1219	120065	Undirected	4.0
1219	-160495	Undirected	4.0
1219	-118249	Undirected	4.0
1219	-115191	Undirected	4.0
-283858	84353	Undirected	4.0
-283858	-436064	Undirected	4.0
-283858	98121	Undirected	4.0
-283858	68709	Undirected	5.0
-283858	80634	Undirected	6.0
-283858	13540	Undirected	6.0
-283858	-244873	Undirected	6.0
-283858	-180790	Undirected	10.0
-283858	130377	Undirected	7.0
-283858	-153810	Undirected	9.0
-283858	76480	Undirected	5.0
-283858	-472552	Undirected	5.0
-283858	-197091	Undirected	9.0
-283858	-123382	Undirected	4.0
-283858	12861	Undirected	4.0
-283858	12687	Undirected	5.0
-283858	37401	Undirected	5.0
-283858	78580	Undirected	4.0
-283858	-104233	Undirected	7.0
-283858	6532	Undirected	4.0
-283858	-456155	Undirected	4.0
-283858	80329	Undirected	4.0
-283858	124317	Undirected	4.0
-283858	34988	Undirected	4.0
-283858	44685	Undirected	4.0
-283858	-121488	Undirected	6.0
-283858	-213872	Undirected	5.0
-283858	50928	Undirected	5.0
-283858	-186148	Undirected	5.0
-283858	-102134	Undirected	5.0
-283858	-102120	Undirected	5.0
-283858	-88091	Undirected	5.0
-283858	-88122	Undirected	5.0
-283858	90582	Undirected	5.0
-283858	15837	Undirected	5.0
-283858	58496	Undirected	5.0
-283858	54861	Undirected	5.0
-283858	123557	Undirected	5.0
-283858	102051	Undirected	5.0
-283858	57895	Undirected	5.0
-283858	58780	Undirected	5.0
-283858	-222053	Undirected	5.0
-283858	-368728	Undirected	5.0
-283858	-399142	Undirected	9.0
-283858	34342	Undirected	9.0
-283858	-209472	Undirected	9.0
-283858	50252	Undirected	9.0
-283858	54005	Undirected	9.0
-283858	-154535	Undirected	9.0
-283858	-124688	Undirected	9.0
-283858	-11230	Undirected	9.0
-283858	679	Undirected	9.0
-283858	-117265	Undirected	9.0
-283858	-163850	Undirected	9.0
-283858	-49647	Undirected	9.0
-283858	40306	Undirected	9.0
-283858	15519	Undirected	9.0
-283858	26550	Undirected	9.0
-283858	26587	Undirected	9.0
-283858	68422	Undirected	9.0
-283858	-227962	Undirected	9.0
-283858	103969	Undirected	10.0
-283858	59459	Undirected	4.0
-283858	31821	Undirected	4.0
-283858	-210456	Undirected	4.0
-283858	-395173	Undirected	6.0
-283858	-156387	Undirected	4.0
-283858	-9371	Undirected	4.0
-283858	-7023	Undirected	4.0
-283858	102784	Undirected	4.0
-283858	27234	Undirected	4.0
-283858	-435920	Undirected	4.0
21766	109944	Undirected	4.0
21766	51356	Undirected	4.0
21766	-186552	Undirected	4.0
21766	4049	Undirected	4.0
-185097	84037	Undirected	4.0
-185097	-540471	Undirected	4.0
84037	-540471	Undirected	4.0
53225	-184416	Undirected	7.0
53225	-128539	Undirected	7.0
53225	65742	Undirected	7.0
53225	101281	Undirected	4.0
-184416	-128539	Undirected	7.0
-184416	65742	Undirected	7.0
-184416	101281	Undirected	4.0
-128539	65742	Undirected	7.0
-128539	101281	Undirected	4.0
65742	101281	Undirected	4.0
103439	5628	Undirected	4.0
103439	47213	Undirected	4.0
103439	115201	Undirected	4.0
103439	112412	Undirected	4.0
103439	106527	Undirected	4.0
103439	97680	Undirected	4.0
103439	84353	Undirected	5.0
103439	4049	Undirected	4.0
103439	78580	Undirected	5.0
103439	-456155	Undirected	5.0
103439	68829	Undirected	4.0
103439	80541	Undirected	4.0
103439	-109337	Undirected	4.0
-154576	116096	Undirected	4.0
-154576	5628	Undirected	4.0
-154576	77481	Undirected	4.0
-154576	82513	Undirected	4.0
116096	5628	Undirected	6.0
116096	-304040	Undirected	4.0
116096	97680	Undirected	4.0
116096	84353	Undirected	4.0
116096	77481	Undirected	5.0
116096	82513	Undirected	4.0
116096	43613	Undirected	4.0
116096	-412209	Undirected	4.0
116096	-22950	Undirected	4.0
116096	84749	Undirected	4.0
116096	-116561	Undirected	4.0
116096	82502	Undirected	4.0
116096	73961	Undirected	4.0
116096	112700	Undirected	4.0
116096	75481	Undirected	4.0
116096	51232	Undirected	5.0
116096	122399	Undirected	4.0
116096	-242105	Undirected	4.0
116096	38533	Undirected	4.0
116096	31254	Undirected	4.0
116096	117966	Undirected	4.0
116096	9591	Undirected	4.0
116096	40151	Undirected	4.0
116096	8710	Undirected	4.0
116096	100961	Undirected	5.0
116096	14582	Undirected	4.0
116096	88761	Undirected	4.0
116096	35221	Undirected	4.0
116096	22017	Undirected	4.0
116096	-116873	Undirected	4.0
116096	36903	Undirected	4.0
106093	110493	Undirected	4.0
106093	35210	Undirected	4.0
106093	-198610	Undirected	4.0
-490206	-115276	Undirected	4.0
-490206	-490101	Undirected	4.0
-490206	-413145	Undirected	4.0
-490206	-437992	Undirected	4.0
-490206	92734	Undirected	4.0
-490206	98490	Undirected	4.0
-490206	48693	Undirected	4.0
-490206	21216	Undirected	4.0
-490206	105984	Undirected	4.0
-490206	-124389	Undirected	4.0
-490206	-86369	Undirected	4.0
-490206	-56090	Undirected	4.0
-490206	-107082	Undirected	4.0
-490206	-25080	Undirected	4.0
-399895	109944	Undirected	4.0
-399895	98121	Undirected	4.0
-399895	119191	Undirected	4.0
-399895	110550	Undirected	5.0
-399895	15482	Undirected	5.0
-399895	6588	Undirected	5.0
-399895	41037	Undirected	5.0
95298	5628	Undirected	4.0
95298	109944	Undirected	4.0
95298	-413886	Undirected	6.0
95298	29766	Undirected	4.0
95298	84353	Undirected	5.0
95298	4049	Undirected	5.0
95298	110493	Undirected	4.0
95298	98121	Undirected	4.0
95298	-188970	Undirected	4.0
95298	6728	Undirected	4.0
95298	-456155	Undirected	4.0
95298	3618	Undirected	4.0
95298	34988	Undirected	4.0
95298	-224585	Undirected	4.0
95298	-196384	Undirected	4.0
95298	117687	Undirected	5.0
95298	56494	Undirected	4.0
95298	43613	Undirected	5.0
95298	-412209	Undirected	5.0
95298	75481	Undirected	4.0
95298	-504137	Undirected	5.0
95298	-116873	Undirected	4.0
95298	108593	Undirected	4.0
95298	101281	Undirected	4.0
95298	-140023	Undirected	4.0
95298	-435967	Undirected	4.0
95298	36017	Undirected	4.0
95298	-467365	Undirected	4.0
95298	-114894	Undirected	4.0
95298	80062	Undirected	4.0
95298	-443602	Undirected	4.0
95298	123849	Undirected	4.0
95298	78277	Undirected	4.0
95298	128838	Undirected	4.0
95298	-462042	Undirected	4.0
95298	15654	Undirected	4.0
95298	120065	Undirected	4.0
95298	-160495	Undirected	4.0
95298	-118249	Undirected	4.0
95298	-115191	Undirected	4.0
51635	-190482	Undirected	4.0
51635	-115276	Undirected	4.0
51635	42655	Undirected	4.0
51635	129285	Undirected	4.0
51635	114631	Undirected	4.0
51635	4049	Undirected	4.0
-190482	-115276	Undirected	4.0
-190482	42655	Undirected	4.0
-190482	129285	Undirected	4.0
-190482	114631	Undirected	4.0
-190482	4049	Undirected	4.0
-115276	42655	Undirected	5.0
-115276	129285	Undirected	4.0
-115276	114631	Undirected	4.0
-115276	4049	Undirected	4.0
-115276	-25080	Undirected	4.0
42655	129285	Undirected	4.0
42655	114631	Undirected	4.0
42655	4049	Undirected	4.0
129285	114631	Undirected	4.0
129285	4049	Undirected	4.0
114631	4049	Undirected	4.0
5628	14197	Undirected	5.0
5628	-413886	Undirected	4.0
5628	-304040	Undirected	4.0
5628	97680	Undirected	4.0
5628	84353	Undirected	5.0
5628	77481	Undirected	5.0
5628	16159	Undirected	4.0
5628	82513	Undirected	5.0
5628	4049	Undirected	4.0
5628	110493	Undirected	4.0
5628	98121	Undirected	4.0
5628	15956	Undirected	5.0
5628	117687	Undirected	4.0
5628	56494	Undirected	4.0
5628	43613	Undirected	5.0
5628	-412209	Undirected	5.0
5628	-22950	Undirected	4.0
5628	84749	Undirected	4.0
5628	-116561	Undirected	5.0
5628	82502	Undirected	5.0
5628	73961	Undirected	5.0
5628	112700	Undirected	5.0
5628	-128335	Undirected	4.0
5628	75481	Undirected	5.0
5628	51232	Undirected	6.0
5628	122399	Undirected	5.0
5628	-421253	Undirected	4.0
5628	-242105	Undirected	4.0
5628	38533	Undirected	4.0
5628	31254	Undirected	4.0
5628	117966	Undirected	4.0
5628	9591	Undirected	4.0
5628	-189152	Undirected	4.0
5628	98852	Undirected	4.0
5628	-504137	Undirected	4.0
5628	40151	Undirected	6.0
5628	8710	Undirected	6.0
5628	4762	Undirected	5.0
5628	2867	Undirected	5.0
5628	5195	Undirected	5.0
5628	100961	Undirected	7.0
5628	14582	Undirected	5.0
5628	88761	Undirected	5.0
5628	35221	Undirected	5.0
5628	22017	Undirected	5.0
5628	-425397	Undirected	4.0
5628	-116873	Undirected	5.0
5628	36903	Undirected	5.0
5628	77274	Undirected	4.0
14197	84353	Undirected	4.0
109944	-413886	Undirected	4.0
109944	84353	Undirected	4.0
109944	51356	Undirected	4.0
109944	-186552	Undirected	4.0
109944	4049	Undirected	5.0
109944	12295	Undirected	4.0
109944	102972	Undirected	4.0
109944	41037	Undirected	4.0
109944	40612	Undirected	4.0
109944	-456155	Undirected	4.0
109944	3618	Undirected	4.0
109944	34988	Undirected	4.0
109944	44685	Undirected	4.0
109944	48889	Undirected	4.0
109944	-437916	Undirected	4.0
109944	36017	Undirected	4.0
-413886	-304040	Undirected	4.0
-413886	29766	Undirected	4.0
-413886	84353	Undirected	6.0
-413886	44245	Undirected	4.0
-413886	4049	Undirected	5.0
-413886	110493	Undirected	5.0
-413886	98121	Undirected	4.0
-413886	105984	Undirected	4.0
-413886	12295	Undirected	4.0
-413886	-188970	Undirected	4.0
-413886	6728	Undirected	4.0
-413886	78580	Undirected	4.0
-413886	-104233	Undirected	4.0
-413886	6532	Undirected	4.0
-413886	12808	Undirected	4.0
-413886	-456155	Undirected	5.0
-413886	3618	Undirected	4.0
-413886	34988	Undirected	4.0
-413886	-224585	Undirected	4.0
-413886	9858	Undirected	4.0
-413886	88857	Undirected	4.0
-413886	-196384	Undirected	6.0
-413886	-120186	Undirected	5.0
-413886	-81804	Undirected	5.0
-413886	-248332	Undirected	5.0
-413886	-124855	Undirected	4.0
-413886	-193724	Undirected	4.0
-413886	16055	Undirected	4.0
-413886	117687	Undirected	6.0
-413886	-282642	Undirected	4.0
-413886	-249870	Undirected	4.0
-413886	-244010	Undirected	4.0
-413886	126697	Undirected	4.0
-413886	98571	Undirected	4.0
-413886	56494	Undirected	4.0
-413886	43613	Undirected	5.0
-413886	-412209	Undirected	5.0
-413886	-116561	Undirected	5.0
-413886	82502	Undirected	5.0
-413886	73961	Undirected	5.0
-413886	112700	Undirected	5.0
-413886	-362298	Undirected	4.0
-413886	75481	Undirected	5.0
-413886	-504137	Undirected	5.0
-413886	-116873	Undirected	5.0
-413886	36903	Undirected	4.0
-413886	108593	Undirected	4.0
-413886	101281	Undirected	6.0
-413886	-140023	Undirected	4.0
-413886	-435967	Undirected	4.0
-413886	-437916	Undirected	4.0
-413886	36017	Undirected	4.0
-413886	74172	Undirected	4.0
-413886	-467365	Undirected	5.0
-413886	-114894	Undirected	4.0
-413886	80062	Undirected	4.0
-413886	-443602	Undirected	4.0
-413886	123849	Undirected	4.0
-413886	78277	Undirected	4.0
-413886	128838	Undirected	4.0
-413886	-462042	Undirected	4.0
-413886	15654	Undirected	4.0
-413886	120065	Undirected	4.0
-413886	-160495	Undirected	4.0
-413886	-118249	Undirected	4.0
-413886	-115191	Undirected	4.0
-304040	29766	Undirected	4.0
-304040	97680	Undirected	4.0
-304040	84353	Undirected	4.0
-304040	77481	Undirected	4.0
-304040	-84373	Undirected	4.0
-304040	44245	Undirected	4.0
-304040	110493	Undirected	5.0
-304040	88857	Undirected	4.0
-304040	-116561	Undirected	4.0
-304040	82502	Undirected	4.0
-304040	73961	Undirected	4.0
-304040	112700	Undirected	4.0
-304040	75481	Undirected	4.0
-304040	-116873	Undirected	4.0
-304040	36903	Undirected	4.0
-304040	87331	Undirected	5.0
-304040	-136653	Undirected	5.0
-304040	91663	Undirected	5.0
-304040	54555	Undirected	5.0
29766	84353	Undirected	4.0
29766	-84373	Undirected	5.0
29766	44245	Undirected	5.0
29766	82513	Undirected	4.0
29766	4049	Undirected	4.0
29766	-456155	Undirected	4.0
29766	117687	Undirected	4.0
29766	43613	Undirected	4.0
29766	-412209	Undirected	4.0
29766	108593	Undirected	4.0
29766	74172	Undirected	4.0
-223180	-295283	Undirected	4.0
-223180	42685	Undirected	4.0
-223180	-471482	Undirected	4.0
-223180	117173	Undirected	4.0
-223180	41081	Undirected	5.0
-223180	-208490	Undirected	4.0
-223180	-188815	Undirected	4.0
-223180	794	Undirected	5.0
-223180	92027	Undirected	4.0
-223180	12980	Undirected	4.0
-223180	40650	Undirected	4.0
-223180	-198820	Undirected	4.0
-223180	-395121	Undirected	4.0
-223180	-25307	Undirected	4.0
-223180	-111157	Undirected	4.0
-223180	-6882	Undirected	4.0
-223180	93053	Undirected	4.0
-223180	-40448	Undirected	4.0
-223180	-30909	Undirected	4.0
-223180	-49749	Undirected	4.0
-223180	57752	Undirected	4.0
-223180	118024	Undirected	4.0
-223180	-440293	Undirected	4.0
-223180	21727	Undirected	4.0
-223180	114123	Undirected	4.0
-223180	-448598	Undirected	4.0
-223180	-441051	Undirected	4.0
-223180	-246854	Undirected	4.0
-223180	32178	Undirected	4.0
-223180	106640	Undirected	5.0
-223180	82103	Undirected	5.0
-223180	29823	Undirected	5.0
-223180	-429174	Undirected	5.0
-223180	-116491	Undirected	5.0
-223180	74829	Undirected	5.0
-490101	-413145	Undirected	4.0
-490101	-437992	Undirected	4.0
-490101	92734	Undirected	4.0
-490101	98490	Undirected	4.0
-490101	48693	Undirected	4.0
-490101	21216	Undirected	4.0
-490101	105984	Undirected	4.0
-490101	-124389	Undirected	4.0
-490101	-86369	Undirected	4.0
-490101	-56090	Undirected	4.0
47213	115201	Undirected	4.0
47213	112412	Undirected	4.0
47213	106527	Undirected	4.0
47213	84353	Undirected	4.0
115201	112412	Undirected	4.0
115201	106527	Undirected	4.0
115201	84353	Undirected	4.0
112412	106527	Undirected	4.0
112412	84353	Undirected	4.0
106527	84353	Undirected	5.0
106527	4049	Undirected	4.0
106527	78580	Undirected	4.0
106527	-456155	Undirected	4.0
106527	-116873	Undirected	4.0
97680	84353	Undirected	7.0
97680	77481	Undirected	4.0
97680	-116561	Undirected	4.0
97680	82502	Undirected	4.0
97680	73961	Undirected	4.0
97680	112700	Undirected	4.0
97680	-362298	Undirected	4.0
97680	75481	Undirected	4.0
97680	-116873	Undirected	4.0
97680	36903	Undirected	4.0
84353	77481	Undirected	4.0
84353	4049	Undirected	6.0
84353	110493	Undirected	4.0
84353	-188970	Undirected	4.0
84353	-153810	Undirected	4.0
84353	78580	Undirected	5.0
84353	-104233	Undirected	4.0
84353	-456155	Undirected	6.0
84353	3618	Undirected	4.0
84353	34988	Undirected	5.0
84353	-224585	Undirected	5.0
84353	103969	Undirected	4.0
84353	-196384	Undirected	4.0
84353	117687	Undirected	5.0
84353	56494	Undirected	4.0
84353	43613	Undirected	6.0
84353	-412209	Undirected	6.0
84353	-116561	Undirected	5.0
84353	82502	Undirected	5.0
84353	73961	Undirected	5.0
84353	112700	Undirected	5.0
84353	-362298	Undirected	6.0
84353	75481	Undirected	6.0
84353	-504137	Undirected	5.0
84353	-116873	Undirected	6.0
84353	36903	Undirected	5.0
84353	108593	Undirected	4.0
84353	101281	Undirected	5.0
84353	-140023	Undirected	5.0
84353	-435967	Undirected	5.0
84353	-533001	Undirected	4.0
84353	-545013	Undirected	4.0
84353	36017	Undirected	4.0
84353	74172	Undirected	4.0
84353	-467365	Undirected	4.0
84353	-114894	Undirected	4.0
84353	-87106	Undirected	4.0
84353	-414546	Undirected	4.0
84353	-461902	Undirected	4.0
84353	80062	Undirected	4.0
84353	-443602	Undirected	4.0
84353	123849	Undirected	4.0
84353	78277	Undirected	4.0
84353	128838	Undirected	4.0
84353	-462042	Undirected	4.0
84353	15654	Undirected	4.0
84353	120065	Undirected	4.0
84353	-160495	Undirected	4.0
84353	-118249	Undirected	4.0
84353	-115191	Undirected	4.0
77481	82513	Undirected	4.0
77481	43613	Undirected	4.0
77481	-412209	Undirected	4.0
77481	-116561	Undirected	4.0
77481	82502	Undirected	4.0
77481	73961	Undirected	4.0
77481	112700	Undirected	4.0
77481	75481	Undirected	4.0
77481	51232	Undirected	4.0
77481	122399	Undirected	4.0
77481	-242105	Undirected	4.0
77481	38533	Undirected	4.0
77481	31254	Undirected	4.0
77481	117966	Undirected	4.0
77481	9591	Undirected	4.0
77481	40151	Undirected	4.0
77481	100961	Undirected	4.0
77481	14582	Undirected	4.0
77481	88761	Undirected	4.0
77481	35221	Undirected	4.0
77481	22017	Undirected	4.0
77481	-116873	Undirected	4.0
77481	36903	Undirected	4.0
-84373	44245	Undirected	5.0
44245	-77034	Undirected	4.0
44245	14049	Undirected	4.0
44245	-437916	Undirected	5.0
44245	-272444	Undirected	4.0
44245	-222179	Undirected	4.0
16159	82513	Undirected	5.0
82513	-421253	Undirected	4.0
82513	40151	Undirected	4.0
82513	100961	Undirected	4.0
82513	22017	Undirected	4.0
82513	77274	Undirected	4.0
51356	-186552	Undirected	4.0
51356	4049	Undirected	4.0
-186552	4049	Undirected	4.0
4049	-188970	Undirected	4.0
4049	78580	Undirected	4.0
4049	-456155	Undirected	5.0
4049	34988	Undirected	4.0
4049	-224585	Undirected	4.0
4049	-196384	Undirected	4.0
4049	117687	Undirected	5.0
4049	43613	Undirected	5.0
4049	-412209	Undirected	5.0
4049	75481	Undirected	4.0
4049	-504137	Undirected	4.0
4049	-116873	Undirected	4.0
4049	108593	Undirected	4.0
4049	101281	Undirected	4.0
4049	-140023	Undirected	4.0
4049	-435967	Undirected	4.0
4049	43134	Undirected	4.0
4049	36017	Undirected	4.0
4049	-114894	Undirected	4.0
4049	80062	Undirected	4.0
4049	-443602	Undirected	4.0
4049	123849	Undirected	4.0
4049	78277	Undirected	4.0
4049	128838	Undirected	4.0
4049	-462042	Undirected	4.0
4049	15654	Undirected	4.0
4049	120065	Undirected	4.0
4049	-160495	Undirected	4.0
4049	-118249	Undirected	4.0
4049	-115191	Undirected	4.0
110493	-212026	Undirected	5.0
110493	-436064	Undirected	7.0
110493	-176340	Undirected	5.0
110493	-172854	Undirected	5.0
110493	-108516	Undirected	5.0
110493	-3154	Undirected	5.0
110493	98121	Undirected	8.0
110493	-425306	Undirected	5.0
110493	114524	Undirected	5.0
110493	102972	Undirected	5.0
110493	-70595	Undirected	4.0
110493	60514	Undirected	4.0
110493	6728	Undirected	6.0
110493	-153810	Undirected	4.0
110493	-123382	Undirected	4.0
110493	44685	Undirected	6.0
110493	-150346	Undirected	5.0
110493	78398	Undirected	8.0
110493	9858	Undirected	5.0
110493	88857	Undirected	9.0
110493	54369	Undirected	5.0
110493	-116561	Undirected	4.0
110493	82502	Undirected	4.0
110493	73961	Undirected	4.0
110493	112700	Undirected	4.0
110493	75481	Undirected	4.0
110493	-116873	Undirected	4.0
110493	36903	Undirected	4.0
110493	39084	Undirected	6.0
110493	6882	Undirected	4.0
110493	17707	Undirected	4.0
110493	35210	Undirected	4.0
110493	-21519	Undirected	4.0
110493	72554	Undirected	5.0
110493	1450	Undirected	4.0
110493	-146464	Undirected	4.0
110493	102074	Undirected	4.0
110493	-450654	Undirected	4.0
110493	87566	Undirected	4.0
110493	87331	Undirected	4.0
110493	-136653	Undirected	4.0
110493	91663	Undirected	4.0
110493	54555	Undirected	4.0
110493	-117640	Undirected	4.0
110493	107194	Undirected	4.0
110493	-467365	Undirected	4.0
-212026	-436064	Undirected	5.0
-212026	-176340	Undirected	5.0
-212026	-172854	Undirected	5.0
-212026	-108516	Undirected	5.0
-212026	-3154	Undirected	5.0
-212026	98121	Undirected	5.0
-212026	-425306	Undirected	5.0
-212026	114524	Undirected	5.0
-436064	-176340	Undirected	5.0
-436064	-172854	Undirected	5.0
-436064	-108516	Undirected	5.0
-436064	-3154	Undirected	5.0
-436064	98121	Undirected	8.0
-436064	-425306	Undirected	5.0
-436064	114524	Undirected	5.0
-176340	-172854	Undirected	5.0
-176340	-108516	Undirected	5.0
-176340	-3154	Undirected	5.0
-176340	98121	Undirected	5.0
-176340	-425306	Undirected	5.0
-176340	114524	Undirected	5.0
-172854	-108516	Undirected	5.0
-172854	-3154	Undirected	5.0
-172854	98121	Undirected	5.0
-172854	-425306	Undirected	5.0
-172854	114524	Undirected	5.0
-108516	-3154	Undirected	5.0
-108516	98121	Undirected	6.0
-108516	-425306	Undirected	5.0
-108516	114524	Undirected	5.0
-3154	98121	Undirected	5.0
-3154	-425306	Undirected	5.0
-3154	114524	Undirected	5.0
98121	-425306	Undirected	5.0
98121	114524	Undirected	5.0
98121	6728	Undirected	4.0
98121	-153810	Undirected	4.0
98121	56426	Undirected	4.0
98121	44685	Undirected	4.0
98121	-150346	Undirected	4.0
98121	88857	Undirected	4.0
98121	-154535	Undirected	4.0
98121	103969	Undirected	4.0
98121	6929	Undirected	4.0
-425306	114524	Undirected	5.0
-413145	-437992	Undirected	4.0
-413145	92734	Undirected	4.0
-413145	98490	Undirected	4.0
-413145	48693	Undirected	4.0
-413145	21216	Undirected	4.0
-413145	105984	Undirected	4.0
-413145	-124389	Undirected	4.0
-413145	-86369	Undirected	4.0
-413145	-56090	Undirected	4.0
-437992	92734	Undirected	4.0
-437992	98490	Undirected	4.0
-437992	48693	Undirected	4.0
-437992	21216	Undirected	4.0
-437992	105984	Undirected	4.0
-437992	-124389	Undirected	4.0
-437992	-86369	Undirected	4.0
-437992	-56090	Undirected	4.0
92734	98490	Undirected	4.0
92734	48693	Undirected	4.0
92734	21216	Undirected	4.0
92734	105984	Undirected	4.0
92734	-124389	Undirected	4.0
92734	-86369	Undirected	4.0
92734	-56090	Undirected	4.0
98490	48693	Undirected	4.0
98490	21216	Undirected	4.0
98490	105984	Undirected	4.0
98490	-124389	Undirected	5.0
98490	-86369	Undirected	4.0
98490	-56090	Undirected	4.0
98490	-372746	Undirected	4.0
48693	21216	Undirected	4.0
48693	105984	Undirected	4.0
48693	-124389	Undirected	4.0
48693	-86369	Undirected	4.0
48693	-56090	Undirected	4.0
48693	-107082	Undirected	4.0
48693	78397	Undirected	4.0
48693	-507527	Undirected	4.0
48693	-507529	Undirected	4.0
48693	17222	Undirected	4.0
48693	-372746	Undirected	4.0
48693	-259812	Undirected	4.0
48693	83269	Undirected	4.0
21216	105984	Undirected	4.0
21216	-124389	Undirected	4.0
21216	-86369	Undirected	4.0
21216	-56090	Undirected	4.0
105984	-124389	Undirected	4.0
105984	-86369	Undirected	4.0
105984	-56090	Undirected	4.0
105984	12295	Undirected	4.0
-124389	-86369	Undirected	4.0
-124389	-56090	Undirected	4.0
-124389	-372746	Undirected	4.0
-86369	-56090	Undirected	4.0
72946	-1912	Undirected	4.0
72946	-421177	Undirected	4.0
72946	80542	Undirected	4.0
-1912	-421177	Undirected	4.0
-1912	80542	Undirected	4.0
-421177	80542	Undirected	4.0
-295283	41081	Undirected	5.0
-295283	794	Undirected	5.0
109648	-10368	Undirected	4.0
109648	12945	Undirected	4.0
-10368	2953	Undirected	4.0
-10368	102972	Undirected	6.0
-10368	835	Undirected	4.0
-10368	34731	Undirected	4.0
-10368	110062	Undirected	4.0
-10368	87797	Undirected	5.0
-10368	-258455	Undirected	4.0
-10368	95046	Undirected	4.0
-10368	14479	Undirected	4.0
-10368	42725	Undirected	4.0
110657	34707	Undirected	4.0
96913	102972	Undirected	4.0
96913	92028	Undirected	4.0
96913	13614	Undirected	4.0
96913	71090	Undirected	4.0
96913	15492	Undirected	4.0
96913	28188	Undirected	4.0
96913	29791	Undirected	4.0
96913	111388	Undirected	4.0
-95596	100807	Undirected	4.0
31516	-474515	Undirected	4.0
31516	49153	Undirected	4.0
-474515	49153	Undirected	4.0
37419	-27231	Undirected	5.0
37419	56694	Undirected	6.0
37419	117038	Undirected	6.0
37419	90693	Undirected	4.0
37419	-421873	Undirected	4.0
37419	8964	Undirected	4.0
-27231	56694	Undirected	5.0
-27231	117038	Undirected	5.0
56694	117038	Undirected	6.0
56694	90693	Undirected	4.0
56694	-421873	Undirected	4.0
56694	8964	Undirected	4.0
117038	90693	Undirected	4.0
117038	-421873	Undirected	4.0
117038	8964	Undirected	4.0
-27332	10115	Undirected	4.0
-27332	20508	Undirected	4.0
-27332	53039	Undirected	4.0
-27332	-218517	Undirected	4.0
-27332	97323	Undirected	4.0
-27332	86737	Undirected	4.0
90693	-421873	Undirected	4.0
94941	15868	Undirected	5.0
94941	-10157	Undirected	4.0
94941	-420667	Undirected	4.0
94941	40973	Undirected	7.0
94941	-398845	Undirected	5.0
94941	2953	Undirected	6.0
94941	9295	Undirected	7.0
94941	102972	Undirected	6.0
94941	78969	Undirected	4.0
94941	34731	Undirected	4.0
94941	-189227	Undirected	4.0
94941	-180507	Undirected	4.0
94941	-305209	Undirected	4.0
94941	87797	Undirected	4.0
94941	-258455	Undirected	4.0
94941	-23812	Undirected	4.0
94941	-183408	Undirected	4.0
15868	49257	Undirected	4.0
15868	30452	Undirected	4.0
15868	-10157	Undirected	8.0
15868	12295	Undirected	4.0
15868	2663	Undirected	5.0
15868	54941	Undirected	5.0
15868	123884	Undirected	4.0
15868	54502	Undirected	4.0
15868	99170	Undirected	5.0
15868	-420667	Undirected	5.0
15868	94574	Undirected	4.0
15868	86007	Undirected	5.0
15868	40973	Undirected	5.0
15868	-398845	Undirected	4.0
15868	-101572	Undirected	4.0
15868	-3644	Undirected	4.0
15868	2953	Undirected	5.0
15868	9295	Undirected	5.0
15868	-151814	Undirected	4.0
15868	-447846	Undirected	4.0
15868	35164	Undirected	4.0
15868	125972	Undirected	4.0
15868	-57753	Undirected	4.0
15868	-498283	Undirected	4.0
15868	102972	Undirected	6.0
15868	-258455	Undirected	4.0
15868	95046	Undirected	5.0
15868	-23812	Undirected	4.0
15868	54110	Undirected	4.0
15868	-190439	Undirected	4.0
15868	-117640	Undirected	4.0
49257	30452	Undirected	4.0
49257	-10157	Undirected	4.0
49257	12295	Undirected	4.0
49257	2663	Undirected	6.0
49257	54941	Undirected	4.0
49257	123884	Undirected	4.0
49257	54502	Undirected	6.0
49257	99170	Undirected	6.0
49257	-420667	Undirected	5.0
49257	94574	Undirected	4.0
49257	86007	Undirected	4.0
49257	78648	Undirected	4.0
30452	-10157	Undirected	4.0
30452	12295	Undirected	4.0
30452	2663	Undirected	4.0
30452	54941	Undirected	4.0
30452	123884	Undirected	4.0
30452	54502	Undirected	4.0
30452	99170	Undirected	4.0
30452	-420667	Undirected	4.0
30452	94574	Undirected	4.0
30452	86007	Undirected	4.0
30452	89149	Undirected	5.0
30452	46741	Undirected	5.0
30452	79518	Undirected	5.0
30452	-13260	Undirected	6.0
-10157	12295	Undirected	4.0
-10157	2663	Undirected	6.0
-10157	54941	Undirected	5.0
-10157	123884	Undirected	4.0
-10157	54502	Undirected	4.0
-10157	99170	Undirected	5.0
-10157	-420667	Undirected	5.0
-10157	94574	Undirected	4.0
-10157	86007	Undirected	5.0
-10157	40973	Undirected	6.0
-10157	-101572	Undirected	4.0
-10157	-3644	Undirected	4.0
-10157	2953	Undirected	5.0
-10157	9295	Undirected	5.0
-10157	-151814	Undirected	4.0
-10157	-447846	Undirected	4.0
-10157	35164	Undirected	4.0
-10157	125972	Undirected	4.0
-10157	-57753	Undirected	4.0
-10157	-498283	Undirected	4.0
-10157	102972	Undirected	6.0
-10157	36732	Undirected	4.0
-10157	21285	Undirected	4.0
-10157	-258455	Undirected	5.0
-10157	119913	Undirected	4.0
-10157	-487990	Undirected	4.0
-10157	95046	Undirected	6.0
-10157	34648	Undirected	4.0
-10157	88190	Undirected	4.0
-10157	54110	Undirected	4.0
-10157	-190439	Undirected	4.0
-10157	-117640	Undirected	4.0
12295	2663	Undirected	4.0
12295	54941	Undirected	4.0
12295	123884	Undirected	4.0
12295	54502	Undirected	4.0
12295	99170	Undirected	4.0
12295	-420667	Undirected	4.0
12295	94574	Undirected	4.0
12295	86007	Undirected	4.0
12295	102972	Undirected	4.0
12295	-188970	Undirected	4.0
12295	17222	Undirected	4.0
12295	-153810	Undirected	4.0
12295	78580	Undirected	4.0
12295	-104233	Undirected	4.0
12295	6532	Undirected	5.0
12295	12808	Undirected	4.0
12295	-456155	Undirected	5.0
12295	95645	Undirected	4.0
12295	56426	Undirected	4.0
12295	44685	Undirected	4.0
12295	-395173	Undirected	4.0
12295	-196384	Undirected	4.0
12295	117687	Undirected	4.0
12295	98571	Undirected	4.0
12295	-437916	Undirected	4.0
12295	44068	Undirected	5.0
12295	-182984	Undirected	5.0
12295	-149568	Undirected	5.0
12295	43140	Undirected	5.0
2663	54941	Undirected	12.0
2663	123884	Undirected	4.0
2663	54502	Undirected	6.0
2663	99170	Undirected	14.0
2663	-420667	Undirected	10.0
2663	94574	Undirected	4.0
2663	86007	Undirected	13.0
2663	40973	Undirected	4.0
2663	2953	Undirected	4.0
2663	102972	Undirected	12.0
2663	6220	Undirected	4.0
2663	78969	Undirected	7.0
2663	-305209	Undirected	5.0
2663	110062	Undirected	4.0
2663	87797	Undirected	8.0
2663	14056	Undirected	5.0
2663	15285	Undirected	8.0
2663	-117637	Undirected	5.0
2663	56833	Undirected	9.0
2663	8058	Undirected	5.0
2663	98279	Undirected	5.0
2663	115867	Undirected	5.0
2663	119191	Undirected	4.0
2663	72178	Undirected	4.0
2663	122884	Undirected	4.0
2663	13767	Undirected	4.0
2663	36732	Undirected	6.0
2663	-258455	Undirected	4.0
2663	52001	Undirected	4.0
2663	-2613	Undirected	4.0
2663	34860	Undirected	5.0
2663	31891	Undirected	6.0
2663	52217	Undirected	7.0
2663	41416	Undirected	6.0
2663	-5438	Undirected	6.0
2663	76723	Undirected	7.0
2663	74086	Undirected	16.0
2663	43972	Undirected	7.0
2663	8088	Undirected	6.0
2663	44257	Undirected	6.0
2663	107909	Undirected	6.0
2663	106292	Undirected	4.0
2663	95046	Undirected	6.0
2663	-493737	Undirected	5.0
2663	-189459	Undirected	4.0
2663	-177421	Undirected	4.0
2663	-7738	Undirected	4.0
2663	73058	Undirected	4.0
2663	4136	Undirected	4.0
2663	15755	Undirected	5.0
2663	40140	Undirected	4.0
2663	58708	Undirected	4.0
2663	100952	Undirected	4.0
2663	108032	Undirected	4.0
2663	68130	Undirected	6.0
2663	32269	Undirected	4.0
2663	120015	Undirected	4.0
2663	13140	Undirected	4.0
2663	45310	Undirected	4.0
2663	12204	Undirected	4.0
2663	125120	Undirected	4.0
2663	32459	Undirected	7.0
2663	1799	Undirected	4.0
2663	71506	Undirected	4.0
2663	-372955	Undirected	4.0
2663	82953	Undirected	6.0
2663	5961	Undirected	8.0
2663	-81165	Undirected	4.0
2663	-117330	Undirected	4.0
2663	8719	Undirected	7.0
2663	44380	Undirected	6.0
2663	93226	Undirected	5.0
2663	72078	Undirected	5.0
2663	-23413	Undirected	4.0
2663	-187211	Undirected	7.0
2663	110324	Undirected	4.0
2663	-111569	Undirected	4.0
2663	125790	Undirected	4.0
2663	-213257	Undirected	5.0
2663	-431372	Undirected	5.0
2663	-398170	Undirected	5.0
2663	45812	Undirected	12.0
2663	41423	Undirected	7.0
2663	-98093	Undirected	7.0
2663	14479	Undirected	9.0
2663	41623	Undirected	7.0
2663	37889	Undirected	7.0
2663	42725	Undirected	7.0
2663	61579	Undirected	5.0
2663	127902	Undirected	5.0
2663	24451	Undirected	5.0
2663	7937	Undirected	9.0
2663	27178	Undirected	10.0
2663	85552	Undirected	7.0
2663	13742	Undirected	5.0
2663	38914	Undirected	5.0
2663	44576	Undirected	5.0
2663	55659	Undirected	5.0
2663	3156	Undirected	5.0
2663	127065	Undirected	5.0
2663	-190439	Undirected	5.0
2663	92400	Undirected	4.0
2663	131956	Undirected	4.0
2663	39021	Undirected	6.0
2663	94047	Undirected	6.0
2663	57154	Undirected	6.0
2663	10364	Undirected	5.0
2663	11076	Undirected	4.0
2663	113728	Undirected	4.0
2663	-412242	Undirected	4.0
2663	-87745	Undirected	4.0
2663	61236	Undirected	5.0
2663	-353852	Undirected	5.0
2663	32124	Undirected	8.0
2663	-447980	Undirected	5.0
2663	54286	Undirected	4.0
2663	73824	Undirected	5.0
2663	-79240	Undirected	4.0
2663	71061	Undirected	5.0
2663	44789	Undirected	5.0
2663	40202	Undirected	5.0
2663	21422	Undirected	5.0
2663	-189972	Undirected	4.0
2663	-406899	Undirected	4.0
2663	46124	Undirected	5.0
2663	12558	Undirected	5.0
2663	-120149	Undirected	5.0
2663	98273	Undirected	5.0
2663	82213	Undirected	5.0
2663	26776	Undirected	5.0
2663	10789	Undirected	10.0
2663	26910	Undirected	7.0
2663	-2819	Undirected	5.0
2663	10910	Undirected	7.0
2663	-401170	Undirected	6.0
2663	45006	Undirected	4.0
2663	-462238	Undirected	4.0
2663	9121	Undirected	4.0
2663	2132	Undirected	4.0
2663	-11497	Undirected	4.0
2663	41984	Undirected	4.0
2663	-212193	Undirected	4.0
2663	90652	Undirected	4.0
2663	27648	Undirected	4.0
2663	28488	Undirected	4.0
2663	-87724	Undirected	4.0
2663	10276	Undirected	4.0
2663	55720	Undirected	4.0
2663	-516970	Undirected	4.0
2663	-391743	Undirected	4.0
2663	44683	Undirected	4.0
2663	78648	Undirected	5.0
2663	-110111	Undirected	4.0
2663	-128137	Undirected	4.0
54941	123884	Undirected	4.0
54941	54502	Undirected	4.0
54941	99170	Undirected	9.0
54941	-420667	Undirected	9.0
54941	94574	Undirected	5.0
54941	86007	Undirected	11.0
54941	102972	Undirected	8.0
54941	78969	Undirected	5.0
54941	-305209	Undirected	4.0
54941	87797	Undirected	5.0
54941	15285	Undirected	8.0
54941	56833	Undirected	7.0
54941	98279	Undirected	4.0
54941	36732	Undirected	5.0
54941	31891	Undirected	4.0
54941	74086	Undirected	7.0
54941	32459	Undirected	7.0
54941	5961	Undirected	6.0
54941	-187211	Undirected	5.0
54941	45812	Undirected	8.0
54941	41423	Undirected	7.0
54941	-98093	Undirected	7.0
54941	14479	Undirected	7.0
54941	41623	Undirected	7.0
54941	37889	Undirected	7.0
54941	42725	Undirected	5.0
54941	61579	Undirected	5.0
54941	127902	Undirected	5.0
54941	7937	Undirected	7.0
54941	27178	Undirected	6.0
54941	13742	Undirected	5.0
54941	38914	Undirected	5.0
54941	44576	Undirected	5.0
54941	55659	Undirected	5.0
54941	3156	Undirected	5.0
54941	127065	Undirected	5.0
54941	-190439	Undirected	5.0
54941	92400	Undirected	4.0
54941	131956	Undirected	4.0
54941	39021	Undirected	6.0
54941	94047	Undirected	6.0
54941	57154	Undirected	6.0
54941	32124	Undirected	6.0
54941	73824	Undirected	7.0
54941	-79240	Undirected	6.0
54941	71061	Undirected	5.0
54941	46124	Undirected	5.0
54941	12558	Undirected	5.0
54941	-120149	Undirected	5.0
54941	98273	Undirected	5.0
54941	82213	Undirected	5.0
54941	26776	Undirected	5.0
54941	10789	Undirected	7.0
54941	26910	Undirected	5.0
54941	-2819	Undirected	5.0
54941	10910	Undirected	5.0
54941	-401170	Undirected	4.0
54941	41984	Undirected	5.0
54941	-212193	Undirected	4.0
54941	-121324	Undirected	5.0
54941	8423	Undirected	4.0
54941	-16428	Undirected	5.0
54941	34258	Undirected	5.0
54941	10276	Undirected	4.0
54941	55720	Undirected	4.0
54941	-516970	Undirected	4.0
54941	643	Undirected	4.0
54941	46920	Undirected	4.0
54941	-468187	Undirected	4.0
123884	54502	Undirected	4.0
123884	99170	Undirected	4.0
123884	-420667	Undirected	4.0
123884	94574	Undirected	4.0
123884	86007	Undirected	4.0
54502	99170	Undirected	6.0
54502	-420667	Undirected	5.0
54502	94574	Undirected	4.0
54502	86007	Undirected	4.0
54502	78648	Undirected	4.0
99170	-420667	Undirected	10.0
99170	94574	Undirected	4.0
99170	86007	Undirected	13.0
99170	2953	Undirected	4.0
99170	102972	Undirected	11.0
99170	92028	Undirected	5.0
99170	6220	Undirected	4.0
99170	78969	Undirected	5.0
99170	13614	Undirected	5.0
99170	87797	Undirected	9.0
99170	14056	Undirected	4.0
99170	15285	Undirected	5.0
99170	-117637	Undirected	4.0
99170	-411741	Undirected	4.0
99170	56833	Undirected	8.0
99170	8058	Undirected	4.0
99170	98279	Undirected	5.0
99170	115867	Undirected	6.0
99170	72178	Undirected	4.0
99170	36732	Undirected	5.0
99170	31891	Undirected	4.0
99170	52217	Undirected	4.0
99170	76723	Undirected	4.0
99170	74086	Undirected	9.0
99170	8088	Undirected	4.0
99170	106292	Undirected	4.0
99170	95046	Undirected	6.0
99170	-189459	Undirected	4.0
99170	-177421	Undirected	4.0
99170	-7738	Undirected	4.0
99170	73058	Undirected	4.0
99170	4136	Undirected	4.0
99170	15755	Undirected	4.0
99170	40140	Undirected	4.0
99170	58708	Undirected	4.0
99170	100952	Undirected	4.0
99170	108032	Undirected	4.0
99170	68130	Undirected	6.0
99170	32269	Undirected	4.0
99170	32459	Undirected	4.0
99170	-169900	Undirected	4.0
99170	40612	Undirected	4.0
99170	-197091	Undirected	4.0
99170	12687	Undirected	4.0
99170	82953	Undirected	8.0
99170	61230	Undirected	4.0
99170	5961	Undirected	7.0
99170	44948	Undirected	4.0
99170	-113845	Undirected	4.0
99170	8719	Undirected	4.0
99170	44380	Undirected	5.0
99170	93226	Undirected	5.0
99170	72078	Undirected	5.0
99170	-187211	Undirected	6.0
99170	-399201	Undirected	4.0
99170	125790	Undirected	4.0
99170	-213257	Undirected	4.0
99170	-431372	Undirected	4.0
99170	-398170	Undirected	5.0
99170	45812	Undirected	9.0
99170	41423	Undirected	4.0
99170	-98093	Undirected	4.0
99170	14479	Undirected	6.0
99170	41623	Undirected	5.0
99170	37889	Undirected	4.0
99170	42725	Undirected	8.0
99170	61579	Undirected	5.0
99170	127902	Undirected	5.0
99170	24451	Undirected	4.0
99170	7937	Undirected	7.0
99170	27178	Undirected	9.0
99170	85552	Undirected	6.0
99170	13742	Undirected	5.0
99170	38914	Undirected	5.0
99170	44576	Undirected	5.0
99170	55659	Undirected	5.0
99170	3156	Undirected	5.0
99170	127065	Undirected	5.0
99170	-190439	Undirected	6.0
99170	39021	Undirected	5.0
99170	94047	Undirected	5.0
99170	57154	Undirected	5.0
99170	10364	Undirected	5.0
99170	11076	Undirected	4.0
99170	113728	Undirected	4.0
99170	-353852	Undirected	5.0
99170	32124	Undirected	7.0
99170	-447980	Undirected	4.0
99170	71061	Undirected	5.0
99170	44789	Undirected	4.0
99170	40202	Undirected	4.0
99170	21422	Undirected	4.0
99170	82960	Undirected	4.0
99170	14540	Undirected	4.0
99170	-90293	Undirected	4.0
99170	46124	Undirected	5.0
99170	12558	Undirected	5.0
99170	-120149	Undirected	5.0
99170	98273	Undirected	5.0
99170	82213	Undirected	5.0
99170	26776	Undirected	5.0
99170	10789	Undirected	9.0
99170	26910	Undirected	7.0
99170	-2819	Undirected	5.0
99170	10910	Undirected	7.0
99170	-401170	Undirected	5.0
99170	-399342	Undirected	4.0
99170	9121	Undirected	4.0
99170	2132	Undirected	6.0
99170	26550	Undirected	4.0
99170	31821	Undirected	4.0
99170	90652	Undirected	4.0
99170	27648	Undirected	6.0
99170	36023	Undirected	4.0
99170	115649	Undirected	4.0
99170	-391743	Undirected	7.0
99170	-373541	Undirected	4.0
99170	-157660	Undirected	4.0
99170	-113790	Undirected	4.0
99170	38217	Undirected	4.0
99170	56451	Undirected	4.0
99170	121144	Undirected	4.0
99170	-493306	Undirected	5.0
99170	-161432	Undirected	4.0
99170	37147	Undirected	4.0
99170	44683	Undirected	5.0
99170	6602	Undirected	4.0
99170	78648	Undirected	4.0
-420667	94574	Undirected	4.0
-420667	86007	Undirected	9.0
-420667	2953	Undirected	4.0
-420667	102972	Undirected	7.0
-420667	78969	Undirected	5.0
-420667	87797	Undirected	6.0
-420667	15285	Undirected	5.0
-420667	56833	Undirected	7.0
-420667	36732	Undirected	5.0
-420667	31891	Undirected	5.0
-420667	76723	Undirected	4.0
-420667	74086	Undirected	5.0
-420667	32459	Undirected	4.0
-420667	5961	Undirected	5.0
-420667	-187211	Undirected	5.0
-420667	45812	Undirected	5.0
-420667	41423	Undirected	4.0
-420667	-98093	Undirected	4.0
-420667	14479	Undirected	5.0
-420667	41623	Undirected	4.0
-420667	37889	Undirected	4.0
-420667	42725	Undirected	6.0
-420667	61579	Undirected	5.0
-420667	127902	Undirected	5.0
-420667	7937	Undirected	6.0
-420667	27178	Undirected	7.0
-420667	85552	Undirected	4.0
-420667	13742	Undirected	5.0
-420667	38914	Undirected	5.0
-420667	44576	Undirected	5.0
-420667	55659	Undirected	5.0
-420667	3156	Undirected	5.0
-420667	127065	Undirected	5.0
-420667	-190439	Undirected	4.0
-420667	39021	Undirected	5.0
-420667	94047	Undirected	5.0
-420667	57154	Undirected	5.0
-420667	10364	Undirected	4.0
-420667	113728	Undirected	4.0
-420667	32124	Undirected	6.0
-420667	71061	Undirected	5.0
-420667	44789	Undirected	4.0
-420667	46124	Undirected	5.0
-420667	12558	Undirected	5.0
-420667	-120149	Undirected	5.0
-420667	98273	Undirected	5.0
-420667	82213	Undirected	5.0
-420667	26776	Undirected	5.0
-420667	10789	Undirected	7.0
-420667	26910	Undirected	6.0
-420667	-2819	Undirected	5.0
-420667	10910	Undirected	6.0
94574	86007	Undirected	5.0
94574	93895	Undirected	4.0
94574	122537	Undirected	4.0
94574	80634	Undirected	4.0
94574	13540	Undirected	4.0
94574	28545	Undirected	4.0
94574	116917	Undirected	4.0
94574	108938	Undirected	4.0
94574	-244873	Undirected	4.0
94574	-180790	Undirected	5.0
94574	108534	Undirected	4.0
94574	42474	Undirected	4.0
94574	-116488	Undirected	4.0
94574	3138	Undirected	4.0
94574	-80837	Undirected	4.0
94574	-51573	Undirected	4.0
94574	130377	Undirected	5.0
94574	28462	Undirected	5.0
94574	-439712	Undirected	4.0
94574	-464153	Undirected	4.0
86007	102972	Undirected	9.0
86007	78969	Undirected	5.0
86007	87797	Undirected	7.0
86007	15285	Undirected	5.0
86007	-117637	Undirected	4.0
86007	56833	Undirected	7.0
86007	98279	Undirected	4.0
86007	36732	Undirected	5.0
86007	31891	Undirected	4.0
86007	74086	Undirected	8.0
86007	32459	Undirected	4.0
86007	82953	Undirected	4.0
86007	5961	Undirected	6.0
86007	8719	Undirected	4.0
86007	44380	Undirected	4.0
86007	-187211	Undirected	7.0
86007	72561	Undirected	4.0
86007	-213257	Undirected	7.0
86007	-431372	Undirected	5.0
86007	-398170	Undirected	5.0
86007	45812	Undirected	9.0
86007	41423	Undirected	4.0
86007	-98093	Undirected	4.0
86007	14479	Undirected	4.0
86007	41623	Undirected	4.0
86007	37889	Undirected	4.0
86007	42725	Undirected	6.0
86007	61579	Undirected	5.0
86007	127902	Undirected	5.0
86007	24451	Undirected	5.0
86007	7937	Undirected	8.0
86007	27178	Undirected	8.0
86007	85552	Undirected	5.0
86007	13742	Undirected	5.0
86007	38914	Undirected	5.0
86007	44576	Undirected	5.0
86007	55659	Undirected	5.0
86007	3156	Undirected	5.0
86007	127065	Undirected	5.0
86007	-190439	Undirected	6.0
86007	39021	Undirected	5.0
86007	94047	Undirected	5.0
86007	57154	Undirected	5.0
86007	10364	Undirected	4.0
86007	61236	Undirected	4.0
86007	-353852	Undirected	5.0
86007	32124	Undirected	8.0
86007	-447980	Undirected	4.0
86007	73824	Undirected	4.0
86007	-79240	Undirected	4.0
86007	71061	Undirected	5.0
86007	-415585	Undirected	4.0
86007	46124	Undirected	5.0
86007	12558	Undirected	5.0
86007	-120149	Undirected	5.0
86007	98273	Undirected	5.0
86007	82213	Undirected	5.0
86007	26776	Undirected	5.0
86007	10789	Undirected	7.0
86007	26910	Undirected	5.0
86007	-2819	Undirected	5.0
86007	10910	Undirected	5.0
86007	-121324	Undirected	4.0
86007	-16428	Undirected	4.0
86007	34258	Undirected	4.0
40973	-101572	Undirected	4.0
40973	-3644	Undirected	4.0
40973	2953	Undirected	7.0
40973	9295	Undirected	8.0
40973	-151814	Undirected	4.0
40973	-447846	Undirected	4.0
40973	35164	Undirected	4.0
40973	125972	Undirected	4.0
40973	-57753	Undirected	4.0
40973	-498283	Undirected	4.0
40973	102972	Undirected	7.0
40973	78969	Undirected	4.0
40973	34731	Undirected	5.0
40973	-189227	Undirected	4.0
40973	-180507	Undirected	4.0
40973	-305209	Undirected	4.0
40973	110062	Undirected	4.0
40973	87797	Undirected	5.0
40973	36732	Undirected	5.0
40973	21285	Undirected	4.0
40973	-258455	Undirected	6.0
40973	31891	Undirected	4.0
40973	119913	Undirected	4.0
40973	-487990	Undirected	4.0
40973	95046	Undirected	5.0
40973	34648	Undirected	4.0
40973	88190	Undirected	4.0
40973	32459	Undirected	4.0
40973	54110	Undirected	4.0
40973	-183408	Undirected	4.0
40973	14479	Undirected	4.0
40973	42725	Undirected	4.0
40973	-190439	Undirected	4.0
40973	6372	Undirected	4.0
40973	-117640	Undirected	4.0
-101572	-3644	Undirected	4.0
-101572	2953	Undirected	4.0
-101572	9295	Undirected	4.0
-101572	-151814	Undirected	4.0
-101572	-447846	Undirected	4.0
-101572	35164	Undirected	4.0
-101572	125972	Undirected	4.0
-101572	-57753	Undirected	4.0
-101572	-498283	Undirected	4.0
-3644	2953	Undirected	4.0
-3644	9295	Undirected	4.0
-3644	-151814	Undirected	4.0
-3644	-447846	Undirected	4.0
-3644	35164	Undirected	4.0
-3644	125972	Undirected	4.0
-3644	-57753	Undirected	4.0
-3644	-498283	Undirected	4.0
2953	9295	Undirected	7.0
2953	-151814	Undirected	4.0
2953	-447846	Undirected	4.0
2953	35164	Undirected	4.0
2953	125972	Undirected	4.0
2953	-57753	Undirected	4.0
2953	-498283	Undirected	4.0
2953	102972	Undirected	7.0
2953	78969	Undirected	4.0
2953	34731	Undirected	6.0
2953	-189227	Undirected	4.0
2953	-180507	Undirected	4.0
2953	-305209	Undirected	4.0
2953	110062	Undirected	5.0
2953	87797	Undirected	6.0
2953	36732	Undirected	4.0
2953	-258455	Undirected	6.0
2953	31891	Undirected	4.0
2953	95046	Undirected	5.0
2953	32459	Undirected	4.0
2953	54110	Undirected	4.0
2953	82953	Undirected	4.0
2953	72078	Undirected	4.0
2953	14479	Undirected	5.0
2953	42725	Undirected	5.0
2953	11678	Undirected	4.0
2953	-190439	Undirected	4.0
2953	6372	Undirected	4.0
2953	-189092	Undirected	4.0
2953	10789	Undirected	4.0
2953	-117640	Undirected	4.0
9295	-151814	Undirected	4.0
9295	-447846	Undirected	4.0
9295	35164	Undirected	4.0
9295	125972	Undirected	4.0
9295	-57753	Undirected	4.0
9295	-498283	Undirected	4.0
9295	102972	Undirected	7.0
9295	78969	Undirected	4.0
9295	34731	Undirected	5.0
9295	-189227	Undirected	4.0
9295	-180507	Undirected	4.0
9295	-305209	Undirected	4.0
9295	110062	Undirected	4.0
9295	87797	Undirected	5.0
9295	36732	Undirected	4.0
9295	-258455	Undirected	5.0
9295	95046	Undirected	4.0
9295	32459	Undirected	4.0
9295	54110	Undirected	4.0
9295	-183408	Undirected	4.0
9295	14479	Undirected	4.0
9295	42725	Undirected	4.0
9295	-190439	Undirected	4.0
9295	6372	Undirected	4.0
9295	-117640	Undirected	4.0
-151814	-447846	Undirected	4.0
-151814	35164	Undirected	4.0
-151814	125972	Undirected	4.0
-151814	-57753	Undirected	4.0
-151814	-498283	Undirected	4.0
-151814	102972	Undirected	4.0
-151814	85957	Undirected	4.0
-151814	12657	Undirected	4.0
-151814	-436272	Undirected	4.0
-151814	835	Undirected	4.0
-447846	35164	Undirected	4.0
-447846	125972	Undirected	4.0
-447846	-57753	Undirected	4.0
-447846	-498283	Undirected	4.0
35164	125972	Undirected	4.0
35164	-57753	Undirected	4.0
35164	-498283	Undirected	4.0
125972	-57753	Undirected	4.0
125972	-498283	Undirected	4.0
-57753	-498283	Undirected	4.0
14115	12308	Undirected	9.0
14115	116932	Undirected	6.0
14115	16932	Undirected	5.0
14115	119760	Undirected	5.0
14115	32110	Undirected	4.0
14115	52001	Undirected	5.0
14115	106997	Undirected	6.0
14115	39006	Undirected	6.0
14115	1799	Undirected	4.0
14115	97323	Undirected	4.0
14115	-94516	Undirected	5.0
14115	94773	Undirected	5.0
14115	46217	Undirected	4.0
14115	28187	Undirected	4.0
14115	-486867	Undirected	5.0
14115	-188962	Undirected	4.0
14115	-366390	Undirected	4.0
14115	111741	Undirected	4.0
14115	46128	Undirected	7.0
14115	8465	Undirected	4.0
14115	50579	Undirected	4.0
14115	13368	Undirected	4.0
14115	16880	Undirected	4.0
14115	4553	Undirected	4.0
14115	82833	Undirected	6.0
14115	13330	Undirected	6.0
14115	37881	Undirected	6.0
14115	94859	Undirected	7.0
14115	7875	Undirected	4.0
14115	132139	Undirected	4.0
14115	-537220	Undirected	4.0
14115	42432	Undirected	4.0
14115	10928	Undirected	4.0
14115	123469	Undirected	4.0
14115	-120856	Undirected	4.0
14115	43826	Undirected	6.0
14115	-468308	Undirected	4.0
14115	107535	Undirected	4.0
12308	116932	Undirected	7.0
12308	16932	Undirected	7.0
12308	119760	Undirected	5.0
12308	32110	Undirected	4.0
12308	15984	Undirected	4.0
12308	52001	Undirected	4.0
12308	106997	Undirected	6.0
12308	39006	Undirected	5.0
12308	54110	Undirected	4.0
12308	1799	Undirected	4.0
12308	97323	Undirected	4.0
12308	-94516	Undirected	4.0
12308	94773	Undirected	4.0
12308	46217	Undirected	4.0
12308	11579	Undirected	4.0
12308	-486867	Undirected	4.0
12308	-188962	Undirected	4.0
12308	11780	Undirected	4.0
12308	-366390	Undirected	4.0
12308	111741	Undirected	4.0
12308	28488	Undirected	4.0
12308	55713	Undirected	4.0
12308	41641	Undirected	4.0
12308	46128	Undirected	8.0
12308	8465	Undirected	4.0
12308	50579	Undirected	5.0
12308	13368	Undirected	4.0
12308	16880	Undirected	4.0
12308	4553	Undirected	4.0
12308	-258910	Undirected	4.0
12308	82833	Undirected	6.0
12308	13330	Undirected	6.0
12308	37881	Undirected	6.0
12308	94859	Undirected	7.0
12308	-240050	Undirected	4.0
12308	13096	Undirected	4.0
12308	123469	Undirected	4.0
12308	-120856	Undirected	4.0
12308	43826	Undirected	5.0
12308	-468308	Undirected	4.0
12308	-10819	Undirected	4.0
12308	107535	Undirected	5.0
116932	16932	Undirected	6.0
116932	119760	Undirected	5.0
116932	106997	Undirected	5.0
116932	39006	Undirected	4.0
116932	1799	Undirected	4.0
116932	11579	Undirected	4.0
116932	45311	Undirected	4.0
116932	11780	Undirected	4.0
116932	46128	Undirected	6.0
116932	50579	Undirected	4.0
116932	-258910	Undirected	4.0
116932	82833	Undirected	5.0
116932	13330	Undirected	5.0
116932	37881	Undirected	5.0
116932	94859	Undirected	5.0
116932	-240050	Undirected	4.0
116932	13096	Undirected	4.0
116932	10928	Undirected	4.0
116932	43826	Undirected	4.0
116932	-10819	Undirected	4.0
116932	107535	Undirected	5.0
16932	119760	Undirected	5.0
16932	106997	Undirected	4.0
16932	1799	Undirected	4.0
16932	28488	Undirected	4.0
16932	55713	Undirected	4.0
16932	46128	Undirected	5.0
16932	-258910	Undirected	4.0
16932	82833	Undirected	4.0
16932	13330	Undirected	4.0
16932	37881	Undirected	4.0
16932	94859	Undirected	4.0
16932	-240050	Undirected	4.0
16932	13096	Undirected	4.0
16932	107535	Undirected	4.0
119760	106997	Undirected	4.0
119760	46128	Undirected	4.0
119760	82833	Undirected	4.0
119760	13330	Undirected	4.0
119760	37881	Undirected	4.0
119760	94859	Undirected	4.0
89149	46741	Undirected	11.0
89149	79518	Undirected	11.0
46741	79518	Undirected	11.0
79518	62200	Undirected	4.0
79518	-110198	Undirected	4.0
14544	102972	Undirected	4.0
102972	92020	Undirected	4.0
102972	92028	Undirected	6.0
102972	-360884	Undirected	4.0
102972	85957	Undirected	6.0
102972	38142	Undirected	4.0
102972	12657	Undirected	6.0
102972	70345	Undirected	4.0
102972	78969	Undirected	7.0
102972	13614	Undirected	6.0
102972	68709	Undirected	5.0
102972	-436272	Undirected	4.0
102972	-4011	Undirected	4.0
102972	835	Undirected	5.0
102972	34731	Undirected	9.0
102972	-189227	Undirected	7.0
102972	-180507	Undirected	5.0
102972	-4361	Undirected	4.0
102972	-4313	Undirected	4.0
102972	93532	Undirected	4.0
102972	92032	Undirected	4.0
102972	-305209	Undirected	11.0
102972	110062	Undirected	7.0
102972	87797	Undirected	12.0
102972	14056	Undirected	6.0
102972	15285	Undirected	8.0
102972	34707	Undirected	4.0
102972	-117637	Undirected	6.0
102972	-256780	Undirected	4.0
102972	-254051	Undirected	4.0
102972	-258571	Undirected	4.0
102972	4738	Undirected	4.0
102972	-121092	Undirected	4.0
102972	-89834	Undirected	4.0
102972	-411741	Undirected	6.0
102972	-515715	Undirected	4.0
102972	-522125	Undirected	4.0
102972	-541649	Undirected	4.0
102972	56833	Undirected	9.0
102972	8058	Undirected	4.0
102972	-7039	Undirected	4.0
102972	14765	Undirected	4.0
102972	98279	Undirected	8.0
102972	27733	Undirected	4.0
102972	-76055	Undirected	4.0
102972	-15103	Undirected	4.0
102972	-70595	Undirected	5.0
102972	60514	Undirected	5.0
102972	119191	Undirected	4.0
102972	36732	Undirected	6.0
102972	-258455	Undirected	7.0
102972	79834	Undirected	4.0
102972	110550	Undirected	4.0
102972	31891	Undirected	4.0
102972	74086	Undirected	9.0
102972	95046	Undirected	7.0
102972	68130	Undirected	5.0
102972	127275	Undirected	4.0
102972	32459	Undirected	7.0
102972	-23812	Undirected	4.0
102972	54110	Undirected	5.0
102972	1799	Undirected	5.0
102972	-183408	Undirected	6.0
102972	13540	Undirected	4.0
102972	-125362	Undirected	4.0
102972	30550	Undirected	6.0
102972	-361751	Undirected	6.0
102972	-289013	Undirected	6.0
102972	-229913	Undirected	6.0
102972	6728	Undirected	6.0
102972	-161562	Undirected	6.0
102972	40612	Undirected	10.0
102972	-153810	Undirected	7.0
102972	128335	Undirected	6.0
102972	-197091	Undirected	6.0
102972	-123382	Undirected	5.0
102972	12861	Undirected	5.0
102972	12687	Undirected	6.0
102972	-104233	Undirected	4.0
102972	-456155	Undirected	4.0
102972	3618	Undirected	4.0
102972	55324	Undirected	5.0
102972	71506	Undirected	4.0
102972	-372955	Undirected	4.0
102972	82953	Undirected	8.0
102972	61230	Undirected	4.0
102972	5961	Undirected	6.0
102972	44948	Undirected	4.0
102972	-113845	Undirected	4.0
102972	-81165	Undirected	4.0
102972	-117330	Undirected	4.0
102972	8719	Undirected	7.0
102972	44380	Undirected	6.0
102972	93226	Undirected	5.0
102972	72078	Undirected	5.0
102972	-23413	Undirected	4.0
102972	-187211	Undirected	5.0
102972	-399201	Undirected	4.0
102972	-262944	Undirected	4.0
102972	-213257	Undirected	4.0
102972	-431372	Undirected	4.0
102972	-398170	Undirected	4.0
102972	45812	Undirected	9.0
102972	41423	Undirected	5.0
102972	-98093	Undirected	5.0
102972	14479	Undirected	8.0
102972	41623	Undirected	6.0
102972	37889	Undirected	5.0
102972	42725	Undirected	10.0
102972	61579	Undirected	4.0
102972	127902	Undirected	5.0
102972	24451	Undirected	4.0
102972	7937	Undirected	7.0
102972	27178	Undirected	7.0
102972	85552	Undirected	5.0
102972	13742	Undirected	4.0
102972	38914	Undirected	4.0
102972	44576	Undirected	4.0
102972	55659	Undirected	4.0
102972	3156	Undirected	4.0
102972	127065	Undirected	4.0
102972	11678	Undirected	5.0
102972	-190439	Undirected	8.0
102972	92400	Undirected	4.0
102972	131956	Undirected	4.0
102972	39021	Undirected	5.0
102972	94047	Undirected	6.0
102972	57154	Undirected	6.0
102972	10364	Undirected	6.0
102972	61236	Undirected	4.0
102972	-353852	Undirected	6.0
102972	32124	Undirected	6.0
102972	-447980	Undirected	5.0
102972	73824	Undirected	4.0
102972	71061	Undirected	4.0
102972	-189972	Undirected	4.0
102972	-406899	Undirected	4.0
102972	6372	Undirected	5.0
102972	46124	Undirected	4.0
102972	-189092	Undirected	4.0
102972	12558	Undirected	4.0
102972	-120149	Undirected	4.0
102972	98273	Undirected	4.0
102972	82213	Undirected	4.0
102972	26776	Undirected	4.0
102972	10789	Undirected	9.0
102972	26910	Undirected	5.0
102972	-2819	Undirected	4.0
102972	10910	Undirected	5.0
102972	-401170	Undirected	8.0
102972	-77034	Undirected	4.0
102972	34988	Undirected	5.0
102972	11579	Undirected	4.0
102972	2132	Undirected	5.0
102972	56426	Undirected	4.0
102972	44685	Undirected	10.0
102972	78398	Undirected	4.0
102972	88857	Undirected	4.0
102972	57895	Undirected	4.0
102972	-154535	Undirected	4.0
102972	679	Undirected	4.0
102972	26550	Undirected	5.0
102972	-395173	Undirected	4.0
102972	-412209	Undirected	4.0
102972	39084	Undirected	4.0
102972	-21519	Undirected	4.0
102972	72554	Undirected	4.0
102972	1450	Undirected	4.0
102972	-146464	Undirected	4.0
102972	102074	Undirected	6.0
102972	-450654	Undirected	4.0
102972	34258	Undirected	4.0
102972	-90213	Undirected	4.0
102972	10640	Undirected	4.0
102972	27648	Undirected	8.0
102972	-117640	Undirected	6.0
102972	98471	Undirected	4.0
102972	59590	Undirected	4.0
102972	70039	Undirected	4.0
102972	107194	Undirected	5.0
102972	-140023	Undirected	5.0
102972	65572	Undirected	4.0
102972	9602	Undirected	5.0
102972	48889	Undirected	4.0
102972	-437916	Undirected	5.0
102972	-391743	Undirected	4.0
102972	38217	Undirected	4.0
102972	56451	Undirected	4.0
102972	-493306	Undirected	4.0
102972	44683	Undirected	4.0
102972	41460	Undirected	4.0
102972	41239	Undirected	4.0
102972	-22878	Undirected	4.0
102972	-150653	Undirected	4.0
102972	71090	Undirected	4.0
102972	-300675	Undirected	4.0
102972	78648	Undirected	4.0
92020	92028	Undirected	4.0
92020	-360884	Undirected	4.0
92020	13614	Undirected	4.0
92020	68709	Undirected	4.0
92028	-360884	Undirected	4.0
92028	6220	Undirected	4.0
92028	70345	Undirected	5.0
92028	13614	Undirected	5.0
92028	68709	Undirected	5.0
92028	-411741	Undirected	4.0
92028	27733	Undirected	4.0
92028	68130	Undirected	4.0
92028	13540	Undirected	4.0
92028	11861	Undirected	4.0
92028	-169900	Undirected	5.0
92028	40612	Undirected	5.0
92028	-197091	Undirected	4.0
92028	12687	Undirected	5.0
92028	61230	Undirected	4.0
92028	44948	Undirected	4.0
92028	-113845	Undirected	4.0
92028	-399201	Undirected	4.0
92028	2132	Undirected	4.0
92028	57895	Undirected	4.0
92028	679	Undirected	4.0
92028	26550	Undirected	5.0
92028	31821	Undirected	5.0
92028	-9371	Undirected	4.0
92028	102784	Undirected	4.0
92028	27648	Undirected	4.0
92028	38217	Undirected	4.0
92028	56451	Undirected	4.0
92028	-22878	Undirected	4.0
92028	-150653	Undirected	4.0
92028	123858	Undirected	4.0
92028	-516991	Undirected	4.0
92028	-11031	Undirected	4.0
92028	-104967	Undirected	4.0
92028	28301	Undirected	4.0
92028	6602	Undirected	4.0
-360884	13614	Undirected	4.0
-360884	68709	Undirected	4.0
-192969	85957	Undirected	4.0
-192969	-192622	Undirected	4.0
-192969	-189902	Undirected	4.0
-192969	50173	Undirected	4.0
-192969	6220	Undirected	5.0
-192969	-63445	Undirected	4.0
-192969	38142	Undirected	4.0
-192969	12657	Undirected	4.0
-192969	70345	Undirected	5.0
-192969	-398512	Undirected	4.0
85957	-192622	Undirected	5.0
85957	-189902	Undirected	4.0
85957	50173	Undirected	5.0
85957	6220	Undirected	4.0
85957	-63445	Undirected	6.0
85957	38142	Undirected	6.0
85957	12657	Undirected	9.0
85957	70345	Undirected	4.0
85957	-436272	Undirected	4.0
85957	835	Undirected	4.0
85957	87797	Undirected	4.0
85957	98279	Undirected	4.0
85957	95046	Undirected	5.0
85957	45812	Undirected	4.0
-192622	-189902	Undirected	4.0
-192622	50173	Undirected	4.0
-192622	6220	Undirected	4.0
-192622	-63445	Undirected	4.0
-192622	38142	Undirected	4.0
-192622	12657	Undirected	5.0
-192622	70345	Undirected	4.0
-189902	50173	Undirected	4.0
-189902	6220	Undirected	4.0
-189902	-63445	Undirected	4.0
-189902	38142	Undirected	4.0
-189902	12657	Undirected	4.0
-189902	70345	Undirected	4.0
50173	6220	Undirected	4.0
50173	-63445	Undirected	5.0
50173	38142	Undirected	5.0
50173	12657	Undirected	6.0
50173	70345	Undirected	4.0
6220	-63445	Undirected	4.0
6220	38142	Undirected	5.0
6220	12657	Undirected	4.0
6220	70345	Undirected	6.0
6220	13614	Undirected	4.0
6220	8058	Undirected	4.0
6220	115867	Undirected	5.0
6220	72178	Undirected	4.0
6220	122884	Undirected	4.0
6220	31891	Undirected	4.0
6220	74086	Undirected	5.0
6220	95046	Undirected	4.0
6220	15755	Undirected	4.0
6220	68130	Undirected	5.0
6220	-167226	Undirected	4.0
6220	27648	Undirected	4.0
6220	13805	Undirected	4.0
6220	-398512	Undirected	4.0
6220	73994	Undirected	4.0
6220	-470126	Undirected	4.0
-63445	38142	Undirected	6.0
-63445	12657	Undirected	6.0
-63445	70345	Undirected	4.0
38142	12657	Undirected	6.0
38142	70345	Undirected	5.0
38142	13614	Undirected	4.0
38142	-398170	Undirected	4.0
38142	45812	Undirected	4.0
12657	70345	Undirected	4.0
12657	-436272	Undirected	4.0
12657	835	Undirected	4.0
12657	87797	Undirected	4.0
12657	14765	Undirected	4.0
12657	98279	Undirected	4.0
12657	95046	Undirected	5.0
12657	54467	Undirected	4.0
12657	45812	Undirected	4.0
12657	11579	Undirected	4.0
70345	13614	Undirected	4.0
70345	8058	Undirected	4.0
70345	68130	Undirected	4.0
70345	44948	Undirected	4.0
70345	-398512	Undirected	4.0
70345	6602	Undirected	4.0
78969	34731	Undirected	5.0
78969	-189227	Undirected	5.0
78969	-180507	Undirected	5.0
78969	-4361	Undirected	4.0
78969	-4313	Undirected	4.0
78969	93532	Undirected	4.0
78969	92032	Undirected	4.0
78969	-305209	Undirected	5.0
78969	110062	Undirected	4.0
78969	87797	Undirected	8.0
78969	15285	Undirected	5.0
78969	56833	Undirected	6.0
78969	98279	Undirected	4.0
78969	36732	Undirected	5.0
78969	31891	Undirected	4.0
78969	74086	Undirected	5.0
78969	32459	Undirected	4.0
78969	5961	Undirected	5.0
78969	-187211	Undirected	5.0
78969	45812	Undirected	5.0
78969	41423	Undirected	4.0
78969	-98093	Undirected	4.0
78969	14479	Undirected	5.0
78969	41623	Undirected	4.0
78969	37889	Undirected	4.0
78969	42725	Undirected	6.0
78969	61579	Undirected	5.0
78969	127902	Undirected	5.0
78969	7937	Undirected	5.0
78969	27178	Undirected	5.0
78969	13742	Undirected	5.0
78969	38914	Undirected	5.0
78969	44576	Undirected	5.0
78969	55659	Undirected	5.0
78969	3156	Undirected	5.0
78969	127065	Undirected	5.0
78969	-190439	Undirected	4.0
78969	39021	Undirected	5.0
78969	94047	Undirected	6.0
78969	57154	Undirected	6.0
78969	32124	Undirected	5.0
78969	71061	Undirected	5.0
78969	46124	Undirected	5.0
78969	12558	Undirected	5.0
78969	-120149	Undirected	5.0
78969	98273	Undirected	5.0
78969	82213	Undirected	5.0
78969	26776	Undirected	5.0
78969	10789	Undirected	6.0
78969	26910	Undirected	5.0
78969	-2819	Undirected	5.0
78969	10910	Undirected	5.0
13614	68709	Undirected	5.0
13614	34707	Undirected	4.0
13614	68130	Undirected	4.0
13614	40612	Undirected	4.0
13614	-197091	Undirected	4.0
13614	12687	Undirected	5.0
13614	61230	Undirected	5.0
13614	44948	Undirected	4.0
13614	-113845	Undirected	5.0
13614	37273	Undirected	4.0
13614	-399201	Undirected	5.0
13614	-262944	Undirected	4.0
13614	124317	Undirected	4.0
13614	44685	Undirected	6.0
13614	57895	Undirected	4.0
13614	-399142	Undirected	4.0
13614	679	Undirected	5.0
13614	-49647	Undirected	4.0
13614	26550	Undirected	5.0
13614	31821	Undirected	6.0
13614	-210456	Undirected	4.0
13614	-9371	Undirected	5.0
13614	102784	Undirected	5.0
13614	100637	Undirected	4.0
13614	-22878	Undirected	4.0
13614	-150653	Undirected	4.0
13614	123858	Undirected	4.0
13614	-516991	Undirected	4.0
13614	-11031	Undirected	4.0
13614	-104967	Undirected	4.0
13614	28301	Undirected	4.0
13614	6602	Undirected	4.0
17161	128510	Undirected	4.0
68709	-411741	Undirected	4.0
68709	80634	Undirected	8.0
68709	13540	Undirected	9.0
68709	-244873	Undirected	8.0
68709	-180790	Undirected	5.0
68709	130377	Undirected	8.0
68709	40612	Undirected	4.0
68709	-153810	Undirected	5.0
68709	76480	Undirected	8.0
68709	-472552	Undirected	4.0
68709	-197091	Undirected	6.0
68709	-123382	Undirected	4.0
68709	12861	Undirected	4.0
68709	12687	Undirected	6.0
68709	37401	Undirected	4.0
68709	-104233	Undirected	8.0
68709	124317	Undirected	4.0
68709	44685	Undirected	4.0
68709	-121488	Undirected	8.0
68709	-213872	Undirected	8.0
68709	50928	Undirected	8.0
68709	-186148	Undirected	8.0
68709	-102134	Undirected	8.0
68709	-102120	Undirected	8.0
68709	-88091	Undirected	8.0
68709	-88122	Undirected	8.0
68709	90582	Undirected	8.0
68709	15837	Undirected	8.0
68709	58496	Undirected	8.0
68709	54861	Undirected	8.0
68709	123557	Undirected	8.0
68709	102051	Undirected	8.0
68709	57895	Undirected	10.0
68709	58780	Undirected	8.0
68709	-222053	Undirected	8.0
68709	-368728	Undirected	8.0
68709	-399142	Undirected	6.0
68709	34342	Undirected	5.0
68709	-209472	Undirected	5.0
68709	50252	Undirected	5.0
68709	54005	Undirected	5.0
68709	-154535	Undirected	5.0
68709	-124688	Undirected	5.0
68709	-11230	Undirected	5.0
68709	679	Undirected	7.0
68709	-117265	Undirected	5.0
68709	-163850	Undirected	5.0
68709	-49647	Undirected	6.0
68709	40306	Undirected	5.0
68709	15519	Undirected	5.0
68709	26550	Undirected	7.0
68709	26587	Undirected	5.0
68709	68422	Undirected	5.0
68709	-227962	Undirected	5.0
68709	103969	Undirected	5.0
68709	31821	Undirected	5.0
68709	-395173	Undirected	4.0
68709	-9371	Undirected	5.0
68709	102784	Undirected	5.0
68709	13273	Undirected	4.0
-436272	835	Undirected	4.0
-4011	87797	Undirected	4.0
34731	-189227	Undirected	7.0
34731	-180507	Undirected	4.0
34731	-4361	Undirected	4.0
34731	-4313	Undirected	4.0
34731	93532	Undirected	4.0
34731	92032	Undirected	4.0
34731	-305209	Undirected	7.0
34731	110062	Undirected	6.0
34731	87797	Undirected	7.0
34731	56833	Undirected	4.0
34731	36732	Undirected	4.0
34731	-258455	Undirected	6.0
34731	31891	Undirected	4.0
34731	95046	Undirected	4.0
34731	1799	Undirected	5.0
34731	-183408	Undirected	5.0
34731	82953	Undirected	4.0
34731	14479	Undirected	4.0
34731	42725	Undirected	6.0
34731	11678	Undirected	4.0
34731	-189092	Undirected	4.0
34731	10789	Undirected	4.0
34731	44685	Undirected	4.0
-189227	-180507	Undirected	4.0
-189227	-4361	Undirected	4.0
-189227	-4313	Undirected	4.0
-189227	93532	Undirected	4.0
-189227	92032	Undirected	4.0
-189227	-305209	Undirected	7.0
-189227	110062	Undirected	4.0
-189227	87797	Undirected	5.0
-189227	-258455	Undirected	4.0
-189227	-183408	Undirected	5.0
-189227	42725	Undirected	4.0
-180507	-4361	Undirected	4.0
-180507	-4313	Undirected	4.0
-180507	93532	Undirected	4.0
-180507	92032	Undirected	4.0
-180507	-305209	Undirected	4.0
-180507	110062	Undirected	4.0
-180507	87797	Undirected	5.0
-4361	-4313	Undirected	4.0
-4361	93532	Undirected	4.0
-4361	92032	Undirected	4.0
-4361	-305209	Undirected	4.0
-4361	110062	Undirected	4.0
-4361	87797	Undirected	4.0
-4313	93532	Undirected	4.0
-4313	92032	Undirected	4.0
-4313	-305209	Undirected	4.0
-4313	110062	Undirected	4.0
-4313	87797	Undirected	4.0
93532	92032	Undirected	4.0
93532	-305209	Undirected	4.0
93532	110062	Undirected	4.0
93532	87797	Undirected	4.0
92032	-305209	Undirected	4.0
92032	110062	Undirected	4.0
92032	87797	Undirected	4.0
-305209	110062	Undirected	5.0
-305209	87797	Undirected	6.0
-305209	15285	Undirected	5.0
-305209	56833	Undirected	4.0
-305209	-258455	Undirected	4.0
-305209	74086	Undirected	4.0
-305209	32459	Undirected	4.0
-305209	-183408	Undirected	5.0
-305209	8719	Undirected	5.0
-305209	45812	Undirected	5.0
-305209	14479	Undirected	4.0
-305209	42725	Undirected	5.0
-305209	94047	Undirected	4.0
-305209	57154	Undirected	4.0
-305209	10789	Undirected	4.0
-305209	-401170	Undirected	5.0
-305209	41460	Undirected	4.0
110062	87797	Undirected	6.0
110062	14056	Undirected	4.0
110062	-258455	Undirected	4.0
110062	46006	Undirected	4.0
110062	76548	Undirected	4.0
110062	5103	Undirected	4.0
110062	17375	Undirected	5.0
110062	68917	Undirected	4.0
110062	79834	Undirected	4.0
110062	31891	Undirected	6.0
110062	74086	Undirected	5.0
110062	56409	Undirected	4.0
110062	95046	Undirected	5.0
110062	82953	Undirected	6.0
110062	93226	Undirected	5.0
110062	72078	Undirected	4.0
110062	-23413	Undirected	5.0
110062	14479	Undirected	7.0
110062	42725	Undirected	5.0
110062	11678	Undirected	4.0
110062	36103	Undirected	5.0
110062	-189972	Undirected	5.0
110062	-406899	Undirected	5.0
110062	-189092	Undirected	5.0
110062	10789	Undirected	6.0
110062	-401170	Undirected	4.0
110062	21343	Undirected	4.0
110062	72193	Undirected	4.0
110062	12945	Undirected	4.0
110062	73642	Undirected	4.0
110062	53013	Undirected	4.0
110062	81738	Undirected	4.0
110062	-167226	Undirected	4.0
110062	46177	Undirected	5.0
110062	112671	Undirected	5.0
110062	-401501	Undirected	4.0
110062	17558	Undirected	4.0
110062	108792	Undirected	4.0
110062	27648	Undirected	5.0
110062	9602	Undirected	5.0
110062	13851	Undirected	4.0
110062	117015	Undirected	4.0
110062	5562	Undirected	5.0
110062	82965	Undirected	4.0
110062	32176	Undirected	4.0
110062	-423577	Undirected	5.0
110062	-250227	Undirected	5.0
110062	41801	Undirected	5.0
110062	48909	Undirected	4.0
110062	102002	Undirected	4.0
110062	27411	Undirected	4.0
110062	78648	Undirected	5.0
110062	47424	Undirected	4.0
110062	99913	Undirected	4.0
110062	-189602	Undirected	4.0
110062	54239	Undirected	5.0
110062	32006	Undirected	4.0
110062	6534	Undirected	4.0
87797	15285	Undirected	5.0
87797	56833	Undirected	7.0
87797	98279	Undirected	6.0
87797	36732	Undirected	6.0
87797	-258455	Undirected	5.0
87797	31891	Undirected	5.0
87797	74086	Undirected	7.0
87797	95046	Undirected	5.0
87797	32459	Undirected	5.0
87797	82953	Undirected	7.0
87797	5961	Undirected	6.0
87797	8719	Undirected	4.0
87797	44380	Undirected	5.0
87797	93226	Undirected	5.0
87797	72078	Undirected	5.0
87797	-187211	Undirected	6.0
87797	45812	Undirected	7.0
87797	41423	Undirected	4.0
87797	-98093	Undirected	4.0
87797	14479	Undirected	7.0
87797	41623	Undirected	5.0
87797	37889	Undirected	4.0
87797	42725	Undirected	10.0
87797	61579	Undirected	5.0
87797	127902	Undirected	5.0
87797	7937	Undirected	5.0
87797	27178	Undirected	6.0
87797	13742	Undirected	5.0
87797	38914	Undirected	5.0
87797	44576	Undirected	5.0
87797	55659	Undirected	5.0
87797	3156	Undirected	5.0
87797	127065	Undirected	5.0
87797	11678	Undirected	4.0
87797	-190439	Undirected	6.0
87797	39021	Undirected	5.0
87797	94047	Undirected	6.0
87797	57154	Undirected	6.0
87797	-353852	Undirected	4.0
87797	32124	Undirected	5.0
87797	71061	Undirected	5.0
87797	6372	Undirected	4.0
87797	46124	Undirected	5.0
87797	-189092	Undirected	4.0
87797	12558	Undirected	5.0
87797	-120149	Undirected	5.0
87797	98273	Undirected	5.0
87797	82213	Undirected	5.0
87797	26776	Undirected	5.0
87797	10789	Undirected	7.0
87797	26910	Undirected	6.0
87797	-2819	Undirected	5.0
87797	10910	Undirected	6.0
87797	-401170	Undirected	4.0
87797	44685	Undirected	4.0
87797	102074	Undirected	4.0
87797	27648	Undirected	5.0
87797	9602	Undirected	4.0
14056	15285	Undirected	4.0
14056	56833	Undirected	4.0
14056	8058	Undirected	5.0
14056	74086	Undirected	4.0
14056	68130	Undirected	4.0
14056	27178	Undirected	4.0
14056	85552	Undirected	4.0
14056	10364	Undirected	4.0
14056	10789	Undirected	5.0
14056	90652	Undirected	4.0
14056	78648	Undirected	4.0
14056	-128137	Undirected	4.0
15285	34707	Undirected	4.0
15285	-117637	Undirected	4.0
15285	56833	Undirected	7.0
15285	98279	Undirected	5.0
15285	36732	Undirected	4.0
15285	-258455	Undirected	4.0
15285	74086	Undirected	7.0
15285	32459	Undirected	7.0
15285	5961	Undirected	5.0
15285	-187211	Undirected	4.0
15285	45812	Undirected	7.0
15285	41423	Undirected	7.0
15285	-98093	Undirected	7.0
15285	14479	Undirected	7.0
15285	41623	Undirected	7.0
15285	37889	Undirected	7.0
15285	42725	Undirected	6.0
15285	61579	Undirected	4.0
15285	127902	Undirected	5.0
15285	7937	Undirected	6.0
15285	27178	Undirected	5.0
15285	13742	Undirected	4.0
15285	38914	Undirected	4.0
15285	44576	Undirected	4.0
15285	55659	Undirected	4.0
15285	3156	Undirected	4.0
15285	127065	Undirected	4.0
15285	-190439	Undirected	4.0
15285	92400	Undirected	4.0
15285	131956	Undirected	4.0
15285	39021	Undirected	5.0
15285	94047	Undirected	5.0
15285	57154	Undirected	5.0
15285	10364	Undirected	5.0
15285	32124	Undirected	5.0
15285	73824	Undirected	4.0
15285	71061	Undirected	4.0
15285	46124	Undirected	4.0
15285	12558	Undirected	4.0
15285	-120149	Undirected	4.0
15285	98273	Undirected	4.0
15285	82213	Undirected	4.0
15285	26776	Undirected	4.0
15285	10789	Undirected	6.0
15285	26910	Undirected	4.0
15285	-2819	Undirected	4.0
15285	10910	Undirected	4.0
15285	-401170	Undirected	4.0
15285	10276	Undirected	4.0
15285	55720	Undirected	4.0
15285	-516970	Undirected	4.0
-117637	-256780	Undirected	4.0
-117637	-254051	Undirected	4.0
-117637	-258571	Undirected	4.0
-117637	4738	Undirected	4.0
-117637	-121092	Undirected	4.0
-117637	-89834	Undirected	4.0
-117637	-411741	Undirected	4.0
-117637	-515715	Undirected	4.0
-117637	-522125	Undirected	4.0
-117637	-541649	Undirected	4.0
-117637	56833	Undirected	5.0
-117637	98279	Undirected	4.0
-117637	74086	Undirected	4.0
-117637	45812	Undirected	4.0
-117637	7937	Undirected	4.0
-117637	61236	Undirected	4.0
-117637	-447980	Undirected	4.0
-256780	-254051	Undirected	4.0
-256780	-258571	Undirected	4.0
-256780	4738	Undirected	4.0
-256780	-121092	Undirected	4.0
-256780	-89834	Undirected	4.0
-256780	-411741	Undirected	4.0
-256780	-515715	Undirected	4.0
-256780	-522125	Undirected	4.0
-256780	-541649	Undirected	4.0
-256780	56833	Undirected	4.0
-254051	-258571	Undirected	4.0
-254051	4738	Undirected	4.0
-254051	-121092	Undirected	4.0
-254051	-89834	Undirected	4.0
-254051	-411741	Undirected	4.0
-254051	-515715	Undirected	4.0
-254051	-522125	Undirected	4.0
-254051	-541649	Undirected	4.0
-254051	56833	Undirected	4.0
-258571	4738	Undirected	4.0
-258571	-121092	Undirected	4.0
-258571	-89834	Undirected	4.0
-258571	-411741	Undirected	4.0
-258571	-515715	Undirected	4.0
-258571	-522125	Undirected	4.0
-258571	-541649	Undirected	4.0
-258571	56833	Undirected	4.0
4738	-121092	Undirected	4.0
4738	-89834	Undirected	4.0
4738	-411741	Undirected	4.0
4738	-515715	Undirected	4.0
4738	-522125	Undirected	4.0
4738	-541649	Undirected	4.0
4738	56833	Undirected	4.0
-121092	-89834	Undirected	4.0
-121092	-411741	Undirected	4.0
-121092	-515715	Undirected	4.0
-121092	-522125	Undirected	4.0
-121092	-541649	Undirected	4.0
-121092	56833	Undirected	4.0
-89834	-411741	Undirected	4.0
-89834	-515715	Undirected	4.0
-89834	-522125	Undirected	4.0
-89834	-541649	Undirected	4.0
-89834	56833	Undirected	4.0
-411741	-515715	Undirected	4.0
-411741	-522125	Undirected	4.0
-411741	-541649	Undirected	4.0
-411741	56833	Undirected	4.0
-411741	27733	Undirected	4.0
-411741	-190439	Undirected	4.0
-411741	-353852	Undirected	4.0
-411741	26550	Undirected	4.0
-515715	-522125	Undirected	4.0
-515715	-541649	Undirected	4.0
-515715	56833	Undirected	4.0
-522125	-541649	Undirected	4.0
-522125	56833	Undirected	4.0
-541649	56833	Undirected	4.0
56833	8058	Undirected	4.0
56833	98279	Undirected	5.0
56833	36732	Undirected	5.0
56833	74086	Undirected	7.0
56833	32459	Undirected	5.0
56833	5961	Undirected	6.0
56833	-187211	Undirected	5.0
56833	45812	Undirected	7.0
56833	41423	Undirected	5.0
56833	-98093	Undirected	5.0
56833	14479	Undirected	6.0
56833	41623	Undirected	5.0
56833	37889	Undirected	5.0
56833	42725	Undirected	6.0
56833	61579	Undirected	5.0
56833	127902	Undirected	5.0
56833	24451	Undirected	4.0
56833	7937	Undirected	8.0
56833	27178	Undirected	8.0
56833	85552	Undirected	5.0
56833	13742	Undirected	5.0
56833	38914	Undirected	5.0
56833	44576	Undirected	5.0
56833	55659	Undirected	5.0
56833	3156	Undirected	5.0
56833	127065	Undirected	5.0
56833	-190439	Undirected	5.0
56833	92400	Undirected	4.0
56833	131956	Undirected	4.0
56833	39021	Undirected	6.0
56833	94047	Undirected	6.0
56833	57154	Undirected	6.0
56833	10364	Undirected	5.0
56833	61236	Undirected	4.0
56833	-353852	Undirected	4.0
56833	32124	Undirected	7.0
56833	-447980	Undirected	4.0
56833	71061	Undirected	5.0
56833	46124	Undirected	5.0
56833	12558	Undirected	5.0
56833	-120149	Undirected	5.0
56833	98273	Undirected	5.0
56833	82213	Undirected	5.0
56833	26776	Undirected	5.0
56833	10789	Undirected	8.0
56833	26910	Undirected	6.0
56833	-2819	Undirected	5.0
56833	10910	Undirected	6.0
8058	74086	Undirected	4.0
8058	68130	Undirected	4.0
8058	27178	Undirected	5.0
8058	85552	Undirected	5.0
8058	10789	Undirected	4.0
8058	90652	Undirected	4.0
8058	-110111	Undirected	4.0
-7039	14765	Undirected	5.0
-7039	98279	Undirected	5.0
-7039	-76055	Undirected	5.0
-7039	-15103	Undirected	5.0
14765	98279	Undirected	5.0
14765	-76055	Undirected	5.0
14765	-15103	Undirected	5.0
14765	54467	Undirected	5.0
14765	-186246	Undirected	5.0
14765	40837	Undirected	5.0
14765	56801	Undirected	5.0
14765	2683	Undirected	4.0
14765	74254	Undirected	4.0
14765	79363	Undirected	4.0
14765	6408	Undirected	4.0
14765	38013	Undirected	4.0
14765	7979	Undirected	4.0
14765	-15786	Undirected	4.0
14765	11579	Undirected	4.0
14765	15517	Undirected	4.0
14765	21563	Undirected	4.0
14765	29273	Undirected	4.0
14765	36834	Undirected	4.0
14765	131905	Undirected	4.0
98279	-76055	Undirected	5.0
98279	-15103	Undirected	5.0
98279	74086	Undirected	5.0
98279	32459	Undirected	4.0
98279	5961	Undirected	5.0
98279	-187211	Undirected	4.0
98279	45812	Undirected	5.0
98279	41423	Undirected	4.0
98279	-98093	Undirected	4.0
98279	14479	Undirected	4.0
98279	41623	Undirected	5.0
98279	37889	Undirected	4.0
98279	42725	Undirected	4.0
98279	7937	Undirected	4.0
98279	-190439	Undirected	4.0
98279	92400	Undirected	4.0
98279	131956	Undirected	4.0
98279	39021	Undirected	4.0
98279	94047	Undirected	4.0
98279	57154	Undirected	4.0
-76055	-15103	Undirected	5.0
62200	4267	Undirected	9.0
62200	109273	Undirected	9.0
62200	115867	Undirected	4.0
62200	119191	Undirected	4.0
62200	46006	Undirected	4.0
62200	3247	Undirected	6.0
62200	28648	Undirected	4.0
62200	17347	Undirected	4.0
62200	7905	Undirected	4.0
62200	118997	Undirected	4.0
62200	34035	Undirected	4.0
62200	125468	Undirected	4.0
62200	24520	Undirected	4.0
62200	35749	Undirected	4.0
62200	118330	Undirected	4.0
62200	-17244	Undirected	5.0
62200	-420903	Undirected	5.0
62200	73994	Undirected	4.0
62200	-423574	Undirected	4.0
62200	6974	Undirected	4.0
62200	-204179	Undirected	4.0
62200	33964	Undirected	4.0
4267	109273	Undirected	9.0
4267	115867	Undirected	4.0
4267	119191	Undirected	4.0
4267	46006	Undirected	4.0
4267	3247	Undirected	5.0
4267	-17244	Undirected	4.0
4267	-420903	Undirected	4.0
4267	73994	Undirected	4.0
109273	115867	Undirected	4.0
109273	119191	Undirected	4.0
109273	46006	Undirected	4.0
109273	3247	Undirected	5.0
109273	-17244	Undirected	4.0
109273	-420903	Undirected	4.0
109273	73994	Undirected	4.0
15617	127275	Undirected	4.0
32110	-139467	Undirected	5.0
32110	16199	Undirected	5.0
32110	15984	Undirected	9.0
32110	-70595	Undirected	6.0
32110	60514	Undirected	6.0
32110	116954	Undirected	6.0
32110	-517712	Undirected	6.0
32110	31891	Undirected	7.0
32110	56409	Undirected	4.0
32110	1799	Undirected	4.0
32110	82953	Undirected	4.0
32110	14479	Undirected	4.0
32110	42725	Undirected	4.0
32110	-189092	Undirected	4.0
32110	10310	Undirected	4.0
32110	12945	Undirected	5.0
32110	73642	Undirected	5.0
32110	53013	Undirected	5.0
32110	81738	Undirected	5.0
32110	-167226	Undirected	5.0
32110	80335	Undirected	4.0
32110	46177	Undirected	5.0
32110	-366390	Undirected	5.0
32110	17558	Undirected	5.0
32110	-123003	Undirected	5.0
32110	111741	Undirected	6.0
32110	37876	Undirected	4.0
32110	273	Undirected	5.0
32110	108792	Undirected	5.0
32110	-160191	Undirected	4.0
32110	28488	Undirected	4.0
32110	-258910	Undirected	4.0
32110	5562	Undirected	4.0
32110	82965	Undirected	4.0
32110	-423577	Undirected	4.0
32110	44932	Undirected	4.0
32110	-250227	Undirected	4.0
32110	-240050	Undirected	4.0
32110	13096	Undirected	4.0
32110	41801	Undirected	4.0
32110	9043	Undirected	4.0
32110	111427	Undirected	4.0
32110	-159795	Undirected	4.0
32110	6534	Undirected	4.0
-139467	16199	Undirected	5.0
-139467	15984	Undirected	5.0
-139467	-70595	Undirected	5.0
-139467	60514	Undirected	5.0
-139467	116954	Undirected	5.0
-139467	-517712	Undirected	5.0
16199	15984	Undirected	5.0
16199	-70595	Undirected	5.0
16199	60514	Undirected	5.0
16199	116954	Undirected	5.0
16199	-517712	Undirected	5.0
15984	-70595	Undirected	6.0
15984	60514	Undirected	6.0
15984	116954	Undirected	5.0
15984	-517712	Undirected	6.0
15984	31891	Undirected	6.0
15984	10310	Undirected	4.0
15984	12945	Undirected	5.0
15984	73642	Undirected	4.0
15984	53013	Undirected	4.0
15984	81738	Undirected	4.0
15984	-167226	Undirected	4.0
15984	80335	Undirected	4.0
15984	46177	Undirected	4.0
15984	-366390	Undirected	4.0
15984	17558	Undirected	4.0
15984	-123003	Undirected	4.0
15984	111741	Undirected	5.0
15984	37876	Undirected	4.0
15984	273	Undirected	4.0
15984	108792	Undirected	4.0
15984	-160191	Undirected	4.0
15984	-258910	Undirected	4.0
15984	44932	Undirected	4.0
15984	-240050	Undirected	4.0
15984	13096	Undirected	4.0
-70595	60514	Undirected	15.0
-70595	116954	Undirected	5.0
-70595	-517712	Undirected	10.0
-70595	31891	Undirected	6.0
-70595	54110	Undirected	5.0
-70595	-123382	Undirected	4.0
-70595	14479	Undirected	4.0
-70595	42725	Undirected	4.0
-70595	6372	Undirected	5.0
-70595	45006	Undirected	4.0
-70595	-167226	Undirected	4.0
-70595	44685	Undirected	4.0
-70595	78398	Undirected	4.0
-70595	88857	Undirected	4.0
-70595	39084	Undirected	5.0
-70595	355	Undirected	4.0
-70595	-21519	Undirected	8.0
-70595	72554	Undirected	5.0
-70595	10186	Undirected	4.0
-70595	1450	Undirected	7.0
-70595	-146464	Undirected	7.0
-70595	37814	Undirected	4.0
-70595	102074	Undirected	7.0
-70595	-450654	Undirected	7.0
-70595	87566	Undirected	5.0
-70595	34258	Undirected	4.0
-70595	-117640	Undirected	5.0
-70595	41001	Undirected	4.0
-70595	13805	Undirected	4.0
60514	116954	Undirected	5.0
60514	-517712	Undirected	10.0
60514	31891	Undirected	7.0
60514	54110	Undirected	5.0
60514	-123382	Undirected	4.0
60514	14479	Undirected	4.0
60514	42725	Undirected	4.0
60514	6372	Undirected	5.0
60514	45006	Undirected	4.0
60514	-167226	Undirected	4.0
60514	44685	Undirected	4.0
60514	78398	Undirected	4.0
60514	88857	Undirected	4.0
60514	39084	Undirected	5.0
60514	355	Undirected	4.0
60514	-21519	Undirected	8.0
60514	72554	Undirected	5.0
60514	10186	Undirected	4.0
60514	1450	Undirected	7.0
60514	-146464	Undirected	7.0
60514	37814	Undirected	4.0
60514	102074	Undirected	7.0
60514	-450654	Undirected	7.0
60514	87566	Undirected	5.0
60514	34258	Undirected	4.0
60514	-117640	Undirected	5.0
60514	41001	Undirected	4.0
60514	28488	Undirected	4.0
60514	55713	Undirected	4.0
60514	13805	Undirected	4.0
116954	-517712	Undirected	5.0
-517712	31891	Undirected	5.0
-517712	45006	Undirected	4.0
-517712	-167226	Undirected	4.0
-517712	13805	Undirected	4.0
115867	-383844	Undirected	4.0
115867	-396369	Undirected	4.0
115867	-27474	Undirected	4.0
115867	309	Undirected	4.0
115867	-160927	Undirected	4.0
115867	55546	Undirected	4.0
115867	67858	Undirected	4.0
115867	119191	Undirected	5.0
115867	72178	Undirected	5.0
115867	434	Undirected	4.0
115867	46006	Undirected	5.0
115867	3247	Undirected	5.0
115867	24520	Undirected	4.0
115867	3091	Undirected	4.0
115867	-250949	Undirected	4.0
115867	-99150	Undirected	5.0
115867	74086	Undirected	4.0
115867	8088	Undirected	4.0
115867	35749	Undirected	4.0
115867	96463	Undirected	4.0
115867	106292	Undirected	10.0
115867	34838	Undirected	4.0
115867	-385120	Undirected	4.0
115867	-104747	Undirected	4.0
115867	56409	Undirected	4.0
115867	35928	Undirected	4.0
115867	95046	Undirected	11.0
115867	-210764	Undirected	4.0
115867	-189459	Undirected	10.0
115867	-177421	Undirected	10.0
115867	-7738	Undirected	10.0
115867	73058	Undirected	10.0
115867	4136	Undirected	10.0
115867	15755	Undirected	10.0
115867	40140	Undirected	10.0
115867	58708	Undirected	10.0
115867	100952	Undirected	10.0
115867	108032	Undirected	10.0
115867	68130	Undirected	11.0
115867	32269	Undirected	10.0
115867	118330	Undirected	4.0
115867	-17244	Undirected	4.0
115867	-420903	Undirected	4.0
115867	82953	Undirected	5.0
115867	125790	Undirected	4.0
115867	2132	Undirected	4.0
115867	73642	Undirected	4.0
115867	53013	Undirected	4.0
115867	81738	Undirected	4.0
115867	-167226	Undirected	4.0
115867	27648	Undirected	4.0
115867	73994	Undirected	4.0
115867	92000	Undirected	4.0
115867	3889	Undirected	4.0
115867	-15988	Undirected	4.0
115867	-14854	Undirected	4.0
115867	-15906	Undirected	4.0
115867	-391743	Undirected	4.0
115867	-422664	Undirected	5.0
115867	33964	Undirected	4.0
-383844	-396369	Undirected	4.0
-383844	-27474	Undirected	4.0
-383844	309	Undirected	5.0
-383844	-160927	Undirected	5.0
-383844	55546	Undirected	4.0
-383844	67858	Undirected	4.0
-383844	3247	Undirected	4.0
-383844	24520	Undirected	4.0
-383844	35749	Undirected	4.0
-383844	-210764	Undirected	4.0
-383844	118330	Undirected	4.0
-383844	-17244	Undirected	4.0
-383844	-420903	Undirected	4.0
-396369	-27474	Undirected	4.0
-396369	309	Undirected	4.0
-396369	-160927	Undirected	4.0
-396369	55546	Undirected	4.0
-396369	67858	Undirected	4.0
-396369	3247	Undirected	4.0
-396369	24520	Undirected	4.0
-396369	35749	Undirected	4.0
-396369	-210764	Undirected	4.0
-396369	118330	Undirected	4.0
-396369	-17244	Undirected	4.0
-396369	-420903	Undirected	4.0
-27474	309	Undirected	4.0
-27474	-160927	Undirected	4.0
-27474	55546	Undirected	4.0
-27474	67858	Undirected	4.0
-27474	3247	Undirected	4.0
-27474	24520	Undirected	4.0
-27474	35749	Undirected	4.0
-27474	-210764	Undirected	4.0
-27474	118330	Undirected	4.0
-27474	-17244	Undirected	4.0
-27474	-420903	Undirected	4.0
309	-160927	Undirected	5.0
309	55546	Undirected	4.0
309	67858	Undirected	4.0
309	3247	Undirected	4.0
309	24520	Undirected	4.0
309	35749	Undirected	4.0
309	-210764	Undirected	4.0
309	118330	Undirected	4.0
309	-17244	Undirected	4.0
309	-420903	Undirected	4.0
-160927	55546	Undirected	4.0
-160927	67858	Undirected	4.0
-160927	3247	Undirected	4.0
-160927	24520	Undirected	4.0
-160927	35749	Undirected	4.0
-160927	-210764	Undirected	4.0
-160927	118330	Undirected	4.0
-160927	-17244	Undirected	4.0
-160927	-420903	Undirected	4.0
55546	67858	Undirected	4.0
55546	3247	Undirected	4.0
55546	24520	Undirected	4.0
55546	35749	Undirected	4.0
55546	-210764	Undirected	4.0
55546	118330	Undirected	4.0
55546	-17244	Undirected	4.0
55546	-420903	Undirected	4.0
67858	3247	Undirected	4.0
67858	24520	Undirected	4.0
67858	35749	Undirected	4.0
67858	-210764	Undirected	4.0
67858	118330	Undirected	4.0
67858	-17244	Undirected	4.0
67858	-420903	Undirected	4.0
119191	72178	Undirected	4.0
119191	46006	Undirected	6.0
119191	3247	Undirected	4.0
119191	17375	Undirected	4.0
119191	79834	Undirected	4.0
119191	3091	Undirected	4.0
119191	110550	Undirected	6.0
119191	15482	Undirected	4.0
119191	6588	Undirected	4.0
119191	41037	Undirected	4.0
119191	31891	Undirected	5.0
119191	56409	Undirected	4.0
119191	95046	Undirected	5.0
119191	4136	Undirected	4.0
119191	40140	Undirected	4.0
119191	68130	Undirected	4.0
119191	48095	Undirected	4.0
119191	1799	Undirected	4.0
119191	45006	Undirected	4.0
119191	73642	Undirected	5.0
119191	53013	Undirected	5.0
119191	81738	Undirected	5.0
119191	-167226	Undirected	5.0
119191	-16489	Undirected	4.0
119191	-253159	Undirected	4.0
119191	73994	Undirected	4.0
119191	92000	Undirected	4.0
119191	3889	Undirected	4.0
119191	-15988	Undirected	4.0
119191	-14854	Undirected	4.0
119191	-15906	Undirected	4.0
119191	125973	Undirected	4.0
119191	73259	Undirected	4.0
119191	33964	Undirected	4.0
-387906	72178	Undirected	4.0
-387906	-551739	Undirected	4.0
-387906	122884	Undirected	4.0
72178	-551739	Undirected	4.0
72178	122884	Undirected	4.0
72178	46006	Undirected	4.0
72178	3091	Undirected	4.0
72178	-99150	Undirected	4.0
-551739	122884	Undirected	4.0
434	46006	Undirected	4.0
434	52001	Undirected	4.0
434	37709	Undirected	4.0
434	-2613	Undirected	4.0
434	79834	Undirected	4.0
434	34860	Undirected	4.0
434	-219769	Undirected	4.0
434	-99150	Undirected	5.0
434	31891	Undirected	4.0
434	96463	Undirected	4.0
434	34838	Undirected	4.0
434	-385120	Undirected	4.0
434	-104747	Undirected	4.0
434	56409	Undirected	5.0
434	35928	Undirected	4.0
434	95046	Undirected	4.0
434	40140	Undirected	4.0
434	68130	Undirected	4.0
434	73642	Undirected	4.0
434	53013	Undirected	4.0
434	81738	Undirected	4.0
434	-167226	Undirected	4.0
13767	52001	Undirected	5.0
13767	74086	Undirected	4.0
13767	43972	Undirected	4.0
13767	1799	Undirected	4.0
13767	115433	Undirected	4.0
13767	5587	Undirected	4.0
13767	-139598	Undirected	4.0
36732	21285	Undirected	4.0
36732	-258455	Undirected	5.0
36732	31891	Undirected	4.0
36732	74086	Undirected	5.0
36732	119913	Undirected	4.0
36732	-487990	Undirected	4.0
36732	95046	Undirected	4.0
36732	34648	Undirected	4.0
36732	88190	Undirected	4.0
36732	32459	Undirected	6.0
36732	5961	Undirected	5.0
36732	-187211	Undirected	5.0
36732	45812	Undirected	5.0
36732	41423	Undirected	4.0
36732	-98093	Undirected	4.0
36732	14479	Undirected	5.0
36732	41623	Undirected	4.0
36732	37889	Undirected	4.0
36732	42725	Undirected	6.0
36732	61579	Undirected	5.0
36732	127902	Undirected	5.0
36732	7937	Undirected	5.0
36732	27178	Undirected	5.0
36732	13742	Undirected	5.0
36732	38914	Undirected	5.0
36732	44576	Undirected	5.0
36732	55659	Undirected	5.0
36732	3156	Undirected	5.0
36732	127065	Undirected	5.0
36732	-190439	Undirected	4.0
36732	39021	Undirected	5.0
36732	94047	Undirected	5.0
36732	57154	Undirected	5.0
36732	32124	Undirected	5.0
36732	71061	Undirected	5.0
36732	46124	Undirected	5.0
36732	12558	Undirected	5.0
36732	-120149	Undirected	5.0
36732	98273	Undirected	5.0
36732	82213	Undirected	5.0
36732	26776	Undirected	5.0
36732	10789	Undirected	5.0
36732	26910	Undirected	5.0
36732	-2819	Undirected	5.0
36732	10910	Undirected	5.0
21285	-258455	Undirected	4.0
21285	119913	Undirected	4.0
21285	-487990	Undirected	4.0
21285	95046	Undirected	4.0
21285	34648	Undirected	4.0
21285	88190	Undirected	4.0
-258455	46006	Undirected	4.0
-258455	17375	Undirected	4.0
-258455	79834	Undirected	4.0
-258455	31891	Undirected	5.0
-258455	74086	Undirected	4.0
-258455	119913	Undirected	4.0
-258455	-487990	Undirected	4.0
-258455	95046	Undirected	7.0
-258455	34648	Undirected	4.0
-258455	88190	Undirected	4.0
-258455	32459	Undirected	4.0
-258455	54110	Undirected	4.0
-258455	1799	Undirected	4.0
-258455	82953	Undirected	4.0
-258455	14479	Undirected	5.0
-258455	42725	Undirected	7.0
-258455	11678	Undirected	5.0
-258455	-190439	Undirected	4.0
-258455	10364	Undirected	5.0
-258455	11076	Undirected	4.0
-258455	113728	Undirected	4.0
-258455	6372	Undirected	4.0
-258455	-189092	Undirected	4.0
-258455	10789	Undirected	4.0
-258455	-117640	Undirected	4.0
-159967	-366569	Undirected	4.0
17189	132037	Undirected	5.0
17189	-210558	Undirected	5.0
17189	-201525	Undirected	5.0
17189	-431637	Undirected	5.0
17189	46006	Undirected	5.0
17189	81742	Undirected	6.0
17189	-2831	Undirected	5.0
17189	4770	Undirected	5.0
17189	-164335	Undirected	5.0
17189	3247	Undirected	4.0
17189	-256975	Undirected	4.0
17189	-542778	Undirected	4.0
17189	31891	Undirected	4.0
17189	95046	Undirected	4.0
17189	101381	Undirected	4.0
17189	-210764	Undirected	4.0
17189	-117115	Undirected	4.0
17189	-4432	Undirected	4.0
17189	106929	Undirected	4.0
17189	-17244	Undirected	4.0
17189	-420903	Undirected	4.0
17189	94966	Undirected	5.0
132037	-210558	Undirected	4.0
132037	-201525	Undirected	4.0
132037	-431637	Undirected	4.0
132037	46006	Undirected	4.0
132037	81742	Undirected	5.0
132037	-2831	Undirected	4.0
132037	4770	Undirected	4.0
132037	-164335	Undirected	4.0
132037	3247	Undirected	4.0
132037	-256975	Undirected	4.0
132037	-542778	Undirected	4.0
132037	101381	Undirected	4.0
132037	-210764	Undirected	4.0
132037	-117115	Undirected	4.0
132037	-4432	Undirected	4.0
132037	106929	Undirected	4.0
132037	-17244	Undirected	4.0
132037	-420903	Undirected	4.0
132037	94966	Undirected	4.0
-210558	-201525	Undirected	5.0
-210558	-431637	Undirected	5.0
-210558	46006	Undirected	5.0
-210558	81742	Undirected	5.0
-210558	-2831	Undirected	5.0
-210558	4770	Undirected	5.0
-210558	-164335	Undirected	5.0
-210558	31891	Undirected	4.0
-210558	95046	Undirected	4.0
-210558	94966	Undirected	5.0
-201525	-431637	Undirected	5.0
-201525	46006	Undirected	5.0
-201525	81742	Undirected	5.0
-201525	-2831	Undirected	5.0
-201525	4770	Undirected	5.0
-201525	-164335	Undirected	5.0
-201525	31891	Undirected	4.0
-201525	95046	Undirected	4.0
-201525	94966	Undirected	5.0
-431637	46006	Undirected	5.0
-431637	81742	Undirected	5.0
-431637	-2831	Undirected	5.0
-431637	4770	Undirected	5.0
-431637	-164335	Undirected	5.0
-431637	31891	Undirected	4.0
-431637	95046	Undirected	4.0
-431637	94966	Undirected	5.0
46006	81742	Undirected	5.0
46006	-2831	Undirected	5.0
46006	4770	Undirected	5.0
46006	-164335	Undirected	5.0
46006	3247	Undirected	4.0
46006	76548	Undirected	4.0
46006	5103	Undirected	4.0
46006	17375	Undirected	5.0
46006	68917	Undirected	4.0
46006	79834	Undirected	5.0
46006	3091	Undirected	4.0
46006	-162772	Undirected	4.0
46006	110550	Undirected	4.0
46006	-99150	Undirected	4.0
46006	31891	Undirected	6.0
46006	-3404	Undirected	4.0
46006	96463	Undirected	4.0
46006	34838	Undirected	4.0
46006	-385120	Undirected	4.0
46006	-104747	Undirected	4.0
46006	56409	Undirected	5.0
46006	35928	Undirected	4.0
46006	95046	Undirected	6.0
46006	-210764	Undirected	4.0
46006	4136	Undirected	4.0
46006	40140	Undirected	4.0
46006	68130	Undirected	4.0
46006	-17244	Undirected	4.0
46006	-420903	Undirected	4.0
46006	82953	Undirected	4.0
46006	14479	Undirected	4.0
46006	73642	Undirected	6.0
46006	53013	Undirected	6.0
46006	81738	Undirected	6.0
46006	-167226	Undirected	6.0
46006	46177	Undirected	4.0
46006	112671	Undirected	4.0
46006	27648	Undirected	4.0
46006	73994	Undirected	5.0
46006	92000	Undirected	5.0
46006	3889	Undirected	5.0
46006	-15988	Undirected	5.0
46006	-14854	Undirected	5.0
46006	-15906	Undirected	5.0
46006	125973	Undirected	4.0
46006	5562	Undirected	4.0
46006	-423577	Undirected	4.0
46006	-250227	Undirected	4.0
46006	41801	Undirected	4.0
46006	54239	Undirected	4.0
46006	33964	Undirected	5.0
46006	94966	Undirected	5.0
81742	-2831	Undirected	5.0
81742	4770	Undirected	5.0
81742	-164335	Undirected	5.0
81742	3247	Undirected	4.0
81742	-256975	Undirected	4.0
81742	-542778	Undirected	4.0
81742	31891	Undirected	4.0
81742	95046	Undirected	4.0
81742	101381	Undirected	4.0
81742	-210764	Undirected	4.0
81742	-117115	Undirected	4.0
81742	-4432	Undirected	4.0
81742	106929	Undirected	4.0
81742	-17244	Undirected	4.0
81742	-420903	Undirected	4.0
81742	94966	Undirected	5.0
-2831	4770	Undirected	5.0
-2831	-164335	Undirected	5.0
-2831	31891	Undirected	4.0
-2831	95046	Undirected	4.0
-2831	94966	Undirected	5.0
4770	-164335	Undirected	5.0
4770	31891	Undirected	4.0
4770	95046	Undirected	4.0
4770	94966	Undirected	5.0
-164335	31891	Undirected	4.0
-164335	95046	Undirected	4.0
-164335	94966	Undirected	5.0
3247	28648	Undirected	5.0
3247	17347	Undirected	5.0
3247	7905	Undirected	5.0
3247	118997	Undirected	5.0
3247	34035	Undirected	5.0
3247	125468	Undirected	5.0
3247	24520	Undirected	5.0
3247	-256975	Undirected	4.0
3247	-542778	Undirected	4.0
3247	-99150	Undirected	4.0
3247	35749	Undirected	5.0
3247	-210764	Undirected	4.0
3247	118330	Undirected	5.0
3247	56939	Undirected	4.0
3247	-17244	Undirected	6.0
3247	-420903	Undirected	6.0
3247	46081	Undirected	4.0
3247	33964	Undirected	4.0
28648	17347	Undirected	5.0
28648	7905	Undirected	5.0
28648	118997	Undirected	5.0
28648	34035	Undirected	5.0
28648	125468	Undirected	5.0
28648	24520	Undirected	4.0
28648	35749	Undirected	4.0
28648	118330	Undirected	4.0
28648	-17244	Undirected	5.0
28648	-420903	Undirected	5.0
17347	7905	Undirected	5.0
17347	118997	Undirected	5.0
17347	34035	Undirected	5.0
17347	125468	Undirected	5.0
17347	24520	Undirected	4.0
17347	35749	Undirected	4.0
17347	118330	Undirected	4.0
17347	-17244	Undirected	5.0
17347	-420903	Undirected	5.0
7905	118997	Undirected	5.0
7905	34035	Undirected	5.0
7905	125468	Undirected	5.0
7905	24520	Undirected	4.0
7905	35749	Undirected	4.0
7905	118330	Undirected	4.0
7905	-17244	Undirected	5.0
7905	-420903	Undirected	5.0
118997	34035	Undirected	5.0
118997	125468	Undirected	5.0
118997	24520	Undirected	4.0
118997	35749	Undirected	4.0
118997	118330	Undirected	4.0
118997	-17244	Undirected	5.0
118997	-420903	Undirected	5.0
34035	125468	Undirected	5.0
34035	24520	Undirected	4.0
34035	35749	Undirected	4.0
34035	118330	Undirected	4.0
34035	-17244	Undirected	5.0
34035	-420903	Undirected	5.0
125468	24520	Undirected	4.0
125468	35749	Undirected	4.0
125468	118330	Undirected	4.0
125468	-17244	Undirected	5.0
125468	-420903	Undirected	5.0
76548	5103	Undirected	5.0
76548	-87368	Undirected	4.0
76548	17375	Undirected	5.0
76548	68917	Undirected	5.0
76548	79834	Undirected	4.0
76548	31891	Undirected	5.0
76548	74086	Undirected	4.0
76548	56409	Undirected	4.0
76548	95046	Undirected	5.0
76548	82953	Undirected	4.0
76548	93226	Undirected	4.0
76548	-23413	Undirected	4.0
76548	14479	Undirected	4.0
76548	10789	Undirected	4.0
76548	72193	Undirected	4.0
76548	46177	Undirected	4.0
76548	112671	Undirected	4.0
76548	27648	Undirected	4.0
76548	5562	Undirected	4.0
76548	-423577	Undirected	4.0
76548	-250227	Undirected	4.0
76548	41801	Undirected	4.0
76548	78648	Undirected	4.0
76548	54239	Undirected	4.0
5103	-87368	Undirected	4.0
5103	17375	Undirected	5.0
5103	68917	Undirected	5.0
5103	79834	Undirected	4.0
5103	31891	Undirected	5.0
5103	74086	Undirected	4.0
5103	56409	Undirected	4.0
5103	95046	Undirected	5.0
5103	82953	Undirected	4.0
5103	93226	Undirected	4.0
5103	-23413	Undirected	4.0
5103	14479	Undirected	4.0
5103	10789	Undirected	4.0
5103	72193	Undirected	4.0
5103	46177	Undirected	4.0
5103	112671	Undirected	4.0
5103	27648	Undirected	4.0
5103	5562	Undirected	4.0
5103	-423577	Undirected	4.0
5103	-250227	Undirected	4.0
5103	41801	Undirected	4.0
5103	78648	Undirected	4.0
5103	54239	Undirected	4.0
-87368	17375	Undirected	4.0
-87368	68917	Undirected	4.0
-87368	31891	Undirected	4.0
-87368	95046	Undirected	4.0
17375	68917	Undirected	5.0
17375	79834	Undirected	5.0
17375	31891	Undirected	6.0
17375	74086	Undirected	4.0
17375	56409	Undirected	5.0
17375	95046	Undirected	6.0
17375	82953	Undirected	5.0
17375	93226	Undirected	4.0
17375	-23413	Undirected	4.0
17375	14479	Undirected	5.0
17375	42725	Undirected	4.0
17375	36103	Undirected	4.0
17375	-189092	Undirected	4.0
17375	10789	Undirected	4.0
17375	72193	Undirected	4.0
17375	12945	Undirected	4.0
17375	73642	Undirected	4.0
17375	53013	Undirected	4.0
17375	81738	Undirected	4.0
17375	-167226	Undirected	4.0
17375	46177	Undirected	5.0
17375	112671	Undirected	5.0
17375	-401501	Undirected	4.0
17375	17558	Undirected	4.0
17375	108792	Undirected	4.0
17375	27648	Undirected	5.0
17375	9602	Undirected	4.0
17375	13851	Undirected	4.0
17375	117015	Undirected	4.0
17375	5562	Undirected	5.0
17375	82965	Undirected	4.0
17375	32176	Undirected	4.0
17375	-423577	Undirected	5.0
17375	-250227	Undirected	5.0
17375	41801	Undirected	5.0
17375	102002	Undirected	4.0
17375	27411	Undirected	4.0
17375	78648	Undirected	4.0
17375	47424	Undirected	4.0
17375	99913	Undirected	4.0
17375	-189602	Undirected	4.0
17375	54239	Undirected	5.0
17375	32006	Undirected	4.0
17375	6534	Undirected	4.0
68917	79834	Undirected	4.0
68917	31891	Undirected	5.0
68917	74086	Undirected	4.0
68917	56409	Undirected	4.0
68917	95046	Undirected	5.0
68917	82953	Undirected	4.0
68917	93226	Undirected	4.0
68917	-23413	Undirected	4.0
68917	14479	Undirected	4.0
68917	10789	Undirected	4.0
68917	72193	Undirected	4.0
68917	46177	Undirected	4.0
68917	112671	Undirected	4.0
68917	27648	Undirected	4.0
68917	5562	Undirected	4.0
68917	-423577	Undirected	4.0
68917	-250227	Undirected	4.0
68917	41801	Undirected	4.0
68917	78648	Undirected	4.0
68917	54239	Undirected	4.0
114270	-213750	Undirected	4.0
114270	-32636	Undirected	4.0
-213750	-32636	Undirected	4.0
-213750	42685	Undirected	4.0
52001	37709	Undirected	4.0
52001	-2613	Undirected	4.0
52001	79834	Undirected	4.0
52001	34860	Undirected	4.0
52001	-219769	Undirected	4.0
52001	-99150	Undirected	4.0
52001	31891	Undirected	4.0
52001	106997	Undirected	4.0
52001	74086	Undirected	4.0
52001	43972	Undirected	4.0
52001	56409	Undirected	4.0
52001	40140	Undirected	4.0
52001	39006	Undirected	5.0
52001	12204	Undirected	4.0
52001	1799	Undirected	5.0
52001	97323	Undirected	7.0
52001	6475	Undirected	4.0
52001	14540	Undirected	4.0
52001	-94516	Undirected	5.0
52001	94773	Undirected	5.0
52001	7492	Undirected	4.0
52001	46217	Undirected	4.0
52001	27203	Undirected	4.0
52001	28187	Undirected	4.0
52001	58058	Undirected	4.0
52001	-486867	Undirected	7.0
52001	-188962	Undirected	5.0
52001	115433	Undirected	4.0
52001	46128	Undirected	4.0
52001	8465	Undirected	4.0
52001	50579	Undirected	4.0
52001	13368	Undirected	4.0
52001	16880	Undirected	4.0
52001	4553	Undirected	4.0
52001	94859	Undirected	5.0
52001	82895	Undirected	4.0
52001	7875	Undirected	4.0
52001	132139	Undirected	4.0
52001	-537220	Undirected	4.0
52001	-159795	Undirected	4.0
52001	123469	Undirected	5.0
52001	-120856	Undirected	6.0
52001	43826	Undirected	6.0
52001	-468308	Undirected	7.0
52001	-111019	Undirected	4.0
52001	6534	Undirected	4.0
52001	-462639	Undirected	4.0
52001	5587	Undirected	5.0
52001	18960	Undirected	5.0
52001	-120053	Undirected	4.0
52001	-139598	Undirected	4.0
52001	98559	Undirected	4.0
52001	76609	Undirected	4.0
37709	-2613	Undirected	4.0
37709	79834	Undirected	4.0
37709	34860	Undirected	4.0
37709	-219769	Undirected	4.0
37709	-99150	Undirected	4.0
37709	31891	Undirected	4.0
37709	56409	Undirected	4.0
-2613	79834	Undirected	4.0
-2613	34860	Undirected	4.0
-2613	-219769	Undirected	4.0
-2613	-99150	Undirected	4.0
-2613	31891	Undirected	5.0
-2613	52217	Undirected	4.0
-2613	76723	Undirected	4.0
-2613	74086	Undirected	4.0
-2613	56409	Undirected	4.0
-2613	-11497	Undirected	4.0
79834	34860	Undirected	4.0
79834	-219769	Undirected	4.0
79834	-99150	Undirected	4.0
79834	31891	Undirected	6.0
79834	56409	Undirected	5.0
79834	95046	Undirected	5.0
79834	40140	Undirected	4.0
79834	82953	Undirected	4.0
79834	14479	Undirected	4.0
79834	12945	Undirected	4.0
79834	73642	Undirected	4.0
79834	53013	Undirected	4.0
79834	81738	Undirected	4.0
79834	-167226	Undirected	4.0
79834	45311	Undirected	4.0
79834	46177	Undirected	5.0
79834	112671	Undirected	4.0
79834	27648	Undirected	5.0
79834	5562	Undirected	4.0
79834	-423577	Undirected	4.0
79834	-250227	Undirected	4.0
79834	41801	Undirected	4.0
79834	54239	Undirected	4.0
34860	-219769	Undirected	4.0
34860	-99150	Undirected	4.0
34860	31891	Undirected	5.0
34860	52217	Undirected	4.0
34860	41416	Undirected	4.0
34860	-5438	Undirected	4.0
34860	76723	Undirected	4.0
34860	74086	Undirected	4.0
34860	43972	Undirected	4.0
34860	8088	Undirected	4.0
34860	44257	Undirected	4.0
34860	107909	Undirected	4.0
34860	56409	Undirected	4.0
34860	-11497	Undirected	4.0
24520	-99150	Undirected	4.0
24520	35749	Undirected	5.0
24520	-210764	Undirected	4.0
24520	118330	Undirected	5.0
24520	56939	Undirected	4.0
24520	-17244	Undirected	5.0
24520	-420903	Undirected	5.0
24520	46081	Undirected	4.0
24520	33964	Undirected	4.0
3091	38418	Undirected	4.0
3091	110550	Undirected	4.0
3091	-210764	Undirected	4.0
38418	-210764	Undirected	4.0
-256975	-542778	Undirected	4.0
-256975	-17244	Undirected	4.0
-256975	-420903	Undirected	4.0
-542778	-17244	Undirected	4.0
-542778	-420903	Undirected	4.0
-162772	-3404	Undirected	4.0
-162772	-210764	Undirected	4.0
-162772	33964	Undirected	4.0
110550	15482	Undirected	5.0
110550	6588	Undirected	5.0
110550	41037	Undirected	5.0
110550	31891	Undirected	4.0
110550	1799	Undirected	4.0
110550	-211119	Undirected	4.0
110550	29633	Undirected	4.0
110550	15576	Undirected	4.0
110550	5779	Undirected	4.0
15482	6588	Undirected	5.0
15482	41037	Undirected	5.0
6588	41037	Undirected	5.0
55374	127919	Undirected	4.0
55374	101381	Undirected	4.0
-392192	95046	Undirected	4.0
-392192	37267	Undirected	4.0
-219769	-99150	Undirected	5.0
-219769	31891	Undirected	4.0
-219769	43972	Undirected	4.0
-219769	56409	Undirected	4.0
-219769	12204	Undirected	4.0
-99150	31891	Undirected	4.0
-99150	43972	Undirected	4.0
-99150	35749	Undirected	4.0
-99150	96463	Undirected	4.0
-99150	34838	Undirected	4.0
-99150	-385120	Undirected	4.0
-99150	-104747	Undirected	4.0
-99150	56409	Undirected	5.0
-99150	35928	Undirected	4.0
-99150	95046	Undirected	4.0
-99150	40140	Undirected	4.0
-99150	68130	Undirected	4.0
-99150	118330	Undirected	4.0
-99150	56939	Undirected	4.0
-99150	-17244	Undirected	4.0
-99150	-420903	Undirected	4.0
-99150	46081	Undirected	4.0
-99150	119793	Undirected	4.0
-99150	12204	Undirected	4.0
-99150	73642	Undirected	4.0
-99150	53013	Undirected	4.0
-99150	81738	Undirected	4.0
-99150	-167226	Undirected	4.0
-99150	33964	Undirected	4.0
31891	-211444	Undirected	4.0
31891	52217	Undirected	6.0
31891	41416	Undirected	6.0
31891	-5438	Undirected	5.0
31891	76723	Undirected	7.0
31891	74086	Undirected	7.0
31891	43972	Undirected	5.0
31891	8088	Undirected	5.0
31891	44257	Undirected	5.0
31891	107909	Undirected	6.0
31891	56409	Undirected	6.0
31891	95046	Undirected	6.0
31891	-493737	Undirected	4.0
31891	15755	Undirected	4.0
31891	40140	Undirected	4.0
31891	14082	Undirected	4.0
31891	37267	Undirected	4.0
31891	106090	Undirected	4.0
31891	125120	Undirected	4.0
31891	1799	Undirected	4.0
31891	82953	Undirected	7.0
31891	5961	Undirected	4.0
31891	93226	Undirected	5.0
31891	-200617	Undirected	4.0
31891	-23413	Undirected	4.0
31891	14479	Undirected	8.0
31891	42725	Undirected	6.0
31891	27178	Undirected	4.0
31891	11678	Undirected	4.0
31891	-190439	Undirected	4.0
31891	113728	Undirected	4.0
31891	54286	Undirected	4.0
31891	92683	Undirected	4.0
31891	44789	Undirected	5.0
31891	40202	Undirected	5.0
31891	21422	Undirected	6.0
31891	36103	Undirected	5.0
31891	-93913	Undirected	4.0
31891	-415585	Undirected	4.0
31891	-189972	Undirected	4.0
31891	-406899	Undirected	4.0
31891	6372	Undirected	4.0
31891	-189092	Undirected	6.0
31891	10789	Undirected	6.0
31891	26910	Undirected	4.0
31891	10910	Undirected	4.0
31891	14032	Undirected	4.0
31891	45006	Undirected	5.0
31891	21343	Undirected	4.0
31891	132038	Undirected	4.0
31891	46239	Undirected	4.0
31891	-145946	Undirected	4.0
31891	72193	Undirected	5.0
31891	9121	Undirected	4.0
31891	11579	Undirected	4.0
31891	27203	Undirected	4.0
31891	10310	Undirected	5.0
31891	12945	Undirected	7.0
31891	-11497	Undirected	4.0
31891	73642	Undirected	6.0
31891	53013	Undirected	6.0
31891	81738	Undirected	6.0
31891	-167226	Undirected	7.0
31891	80335	Undirected	4.0
31891	45311	Undirected	4.0
31891	46177	Undirected	7.0
31891	112671	Undirected	5.0
31891	-401501	Undirected	4.0
31891	37796	Undirected	4.0
31891	-198610	Undirected	4.0
31891	27204	Undirected	4.0
31891	-295071	Undirected	4.0
31891	7021	Undirected	4.0
31891	-366390	Undirected	4.0
31891	17558	Undirected	5.0
31891	-123003	Undirected	5.0
31891	111741	Undirected	5.0
31891	37876	Undirected	4.0
31891	273	Undirected	5.0
31891	108792	Undirected	6.0
31891	-160191	Undirected	4.0
31891	16252	Undirected	4.0
31891	27648	Undirected	5.0
31891	98471	Undirected	4.0
31891	9602	Undirected	4.0
31891	28488	Undirected	5.0
31891	13805	Undirected	4.0
31891	73994	Undirected	5.0
31891	13851	Undirected	4.0
31891	117015	Undirected	4.0
31891	-178909	Undirected	4.0
31891	101121	Undirected	4.0
31891	-188467	Undirected	4.0
31891	-107944	Undirected	4.0
31891	6586	Undirected	4.0
31891	5562	Undirected	6.0
31891	123706	Undirected	4.0
31891	82965	Undirected	5.0
31891	32169	Undirected	4.0
31891	32176	Undirected	5.0
31891	29788	Undirected	4.0
31891	-423577	Undirected	6.0
31891	-126494	Undirected	4.0
31891	44932	Undirected	4.0
31891	11031	Undirected	4.0
31891	16783	Undirected	4.0
31891	73469	Undirected	4.0
31891	91763	Undirected	4.0
31891	-250227	Undirected	6.0
31891	-240050	Undirected	4.0
31891	13096	Undirected	4.0
31891	41801	Undirected	6.0
31891	-188696	Undirected	4.0
31891	-98711	Undirected	4.0
31891	-19895	Undirected	4.0
31891	120848	Undirected	4.0
31891	-187035	Undirected	4.0
31891	48909	Undirected	5.0
31891	41099	Undirected	4.0
31891	74046	Undirected	4.0
31891	107590	Undirected	4.0
31891	9043	Undirected	4.0
31891	111427	Undirected	4.0
31891	102002	Undirected	4.0
31891	-3143	Undirected	4.0
31891	27411	Undirected	5.0
31891	78648	Undirected	4.0
31891	47424	Undirected	4.0
31891	99913	Undirected	5.0
31891	-189602	Undirected	4.0
31891	54239	Undirected	5.0
31891	32006	Undirected	5.0
31891	6534	Undirected	4.0
31891	-130149	Undirected	4.0
31891	-470126	Undirected	4.0
31891	94966	Undirected	4.0
-211444	74086	Undirected	4.0
106997	39006	Undirected	4.0
106997	46128	Undirected	6.0
106997	82833	Undirected	6.0
106997	13330	Undirected	6.0
106997	37881	Undirected	6.0
106997	94859	Undirected	6.0
106997	43826	Undirected	4.0
106997	107535	Undirected	4.0
-3404	-210764	Undirected	4.0
-3404	33964	Undirected	4.0
52217	41416	Undirected	6.0
52217	-5438	Undirected	6.0
52217	76723	Undirected	7.0
52217	74086	Undirected	7.0
52217	43972	Undirected	6.0
52217	8088	Undirected	6.0
52217	44257	Undirected	6.0
52217	107909	Undirected	6.0
52217	-493737	Undirected	4.0
52217	14479	Undirected	4.0
52217	27178	Undirected	4.0
52217	44789	Undirected	4.0
52217	40202	Undirected	5.0
52217	21422	Undirected	5.0
52217	10789	Undirected	4.0
52217	26910	Undirected	4.0
52217	10910	Undirected	4.0
41416	-5438	Undirected	6.0
41416	76723	Undirected	6.0
41416	74086	Undirected	6.0
41416	43972	Undirected	6.0
41416	8088	Undirected	6.0
41416	44257	Undirected	6.0
41416	107909	Undirected	6.0
41416	82953	Undirected	4.0
41416	14479	Undirected	4.0
41416	40202	Undirected	4.0
41416	21422	Undirected	4.0
41416	9121	Undirected	4.0
41416	28488	Undirected	4.0
-5438	76723	Undirected	6.0
-5438	74086	Undirected	6.0
-5438	43972	Undirected	6.0
-5438	8088	Undirected	6.0
-5438	44257	Undirected	6.0
-5438	107909	Undirected	6.0
-5438	40202	Undirected	4.0
-5438	21422	Undirected	4.0
76723	74086	Undirected	7.0
76723	43972	Undirected	6.0
76723	8088	Undirected	6.0
76723	44257	Undirected	6.0
76723	107909	Undirected	7.0
76723	-493737	Undirected	4.0
76723	14479	Undirected	4.0
76723	27178	Undirected	4.0
76723	113728	Undirected	4.0
76723	54286	Undirected	4.0
76723	92683	Undirected	5.0
76723	44789	Undirected	5.0
76723	40202	Undirected	5.0
76723	21422	Undirected	6.0
76723	10789	Undirected	4.0
76723	26910	Undirected	4.0
76723	10910	Undirected	4.0
76723	14032	Undirected	4.0
74086	43972	Undirected	7.0
74086	8088	Undirected	6.0
74086	44257	Undirected	6.0
74086	107909	Undirected	6.0
74086	56409	Undirected	4.0
74086	95046	Undirected	6.0
74086	-493737	Undirected	4.0
74086	15755	Undirected	5.0
74086	68130	Undirected	5.0
74086	13140	Undirected	5.0
74086	42450	Undirected	4.0
74086	45310	Undirected	4.0
74086	12204	Undirected	4.0
74086	125120	Undirected	5.0
74086	32459	Undirected	7.0
74086	71506	Undirected	4.0
74086	-372955	Undirected	4.0
74086	82953	Undirected	6.0
74086	5961	Undirected	7.0
74086	-81165	Undirected	4.0
74086	-117330	Undirected	4.0
74086	8719	Undirected	7.0
74086	44380	Undirected	6.0
74086	93226	Undirected	6.0
74086	72078	Undirected	5.0
74086	-23413	Undirected	5.0
74086	-187211	Undirected	6.0
74086	110324	Undirected	4.0
74086	-213257	Undirected	5.0
74086	-431372	Undirected	5.0
74086	-398170	Undirected	5.0
74086	45812	Undirected	11.0
74086	41423	Undirected	7.0
74086	-98093	Undirected	7.0
74086	14479	Undirected	10.0
74086	41623	Undirected	7.0
74086	37889	Undirected	7.0
74086	42725	Undirected	7.0
74086	61579	Undirected	4.0
74086	127902	Undirected	4.0
74086	24451	Undirected	4.0
74086	7937	Undirected	7.0
74086	27178	Undirected	8.0
74086	85552	Undirected	6.0
74086	13742	Undirected	4.0
74086	38914	Undirected	4.0
74086	44576	Undirected	4.0
74086	55659	Undirected	4.0
74086	3156	Undirected	4.0
74086	127065	Undirected	4.0
74086	-190439	Undirected	4.0
74086	92400	Undirected	4.0
74086	131956	Undirected	4.0
74086	39021	Undirected	5.0
74086	94047	Undirected	5.0
74086	57154	Undirected	5.0
74086	10364	Undirected	4.0
74086	11076	Undirected	4.0
74086	113728	Undirected	4.0
74086	61236	Undirected	4.0
74086	-353852	Undirected	4.0
74086	32124	Undirected	6.0
74086	-447980	Undirected	4.0
74086	54286	Undirected	4.0
74086	73824	Undirected	4.0
74086	71061	Undirected	4.0
74086	44789	Undirected	4.0
74086	40202	Undirected	5.0
74086	21422	Undirected	5.0
74086	-415585	Undirected	4.0
74086	-189972	Undirected	5.0
74086	-406899	Undirected	5.0
74086	46124	Undirected	4.0
74086	12558	Undirected	4.0
74086	-120149	Undirected	4.0
74086	98273	Undirected	4.0
74086	82213	Undirected	4.0
74086	26776	Undirected	4.0
74086	10789	Undirected	9.0
74086	26910	Undirected	6.0
74086	-2819	Undirected	4.0
74086	10910	Undirected	6.0
74086	-401170	Undirected	5.0
74086	46239	Undirected	4.0
74086	-462238	Undirected	4.0
74086	9121	Undirected	4.0
74086	27203	Undirected	4.0
74086	27648	Undirected	4.0
74086	9602	Undirected	4.0
74086	28488	Undirected	4.0
74086	-87724	Undirected	4.0
74086	10276	Undirected	4.0
74086	55720	Undirected	4.0
74086	-516970	Undirected	4.0
74086	13805	Undirected	4.0
74086	44683	Undirected	4.0
74086	5562	Undirected	4.0
74086	-423577	Undirected	4.0
74086	-250227	Undirected	4.0
74086	48909	Undirected	4.0
74086	78648	Undirected	4.0
74086	32006	Undirected	4.0
74086	-470126	Undirected	4.0
74086	-128137	Undirected	4.0
43972	8088	Undirected	6.0
43972	44257	Undirected	6.0
43972	107909	Undirected	7.0
43972	66895	Undirected	4.0
43972	-114995	Undirected	4.0
43972	37521	Undirected	4.0
43972	22036	Undirected	4.0
43972	-265313	Undirected	6.0
43972	120015	Undirected	5.0
43972	-188134	Undirected	5.0
43972	61373	Undirected	5.0
43972	9965	Undirected	5.0
43972	52930	Undirected	5.0
43972	13140	Undirected	7.0
43972	42450	Undirected	6.0
43972	-115235	Undirected	6.0
43972	61323	Undirected	5.0
43972	105888	Undirected	5.0
43972	77725	Undirected	5.0
43972	45310	Undirected	6.0
43972	46040	Undirected	5.0
43972	45	Undirected	5.0
43972	89660	Undirected	5.0
43972	34540	Undirected	5.0
43972	52344	Undirected	5.0
43972	12204	Undirected	7.0
43972	125120	Undirected	7.0
43972	27178	Undirected	5.0
43972	85552	Undirected	4.0
43972	92683	Undirected	4.0
43972	40202	Undirected	4.0
43972	21422	Undirected	4.0
43972	94775	Undirected	6.0
43972	68680	Undirected	4.0
43972	7492	Undirected	4.0
43972	9121	Undirected	5.0
43972	37119	Undirected	4.0
43972	47922	Undirected	4.0
43972	109756	Undirected	4.0
43972	-223629	Undirected	4.0
43972	-406143	Undirected	4.0
43972	1216	Undirected	4.0
43972	77621	Undirected	4.0
43972	107868	Undirected	5.0
43972	69341	Undirected	5.0
43972	-416678	Undirected	4.0
43972	-192625	Undirected	4.0
43972	15016	Undirected	4.0
43972	596	Undirected	4.0
43972	7253	Undirected	5.0
43972	-546606	Undirected	4.0
43972	-253001	Undirected	5.0
43972	58058	Undirected	4.0
43972	27691	Undirected	4.0
43972	27196	Undirected	4.0
43972	-434052	Undirected	4.0
43972	-486867	Undirected	4.0
43972	29233	Undirected	4.0
8088	44257	Undirected	6.0
8088	107909	Undirected	6.0
8088	95046	Undirected	4.0
8088	15755	Undirected	4.0
8088	68130	Undirected	4.0
8088	82953	Undirected	4.0
8088	40202	Undirected	4.0
8088	21422	Undirected	4.0
44257	107909	Undirected	6.0
44257	40202	Undirected	4.0
44257	21422	Undirected	4.0
107909	-265313	Undirected	4.0
107909	13140	Undirected	4.0
107909	12204	Undirected	4.0
107909	125120	Undirected	4.0
107909	27178	Undirected	4.0
107909	113728	Undirected	4.0
107909	54286	Undirected	4.0
107909	92683	Undirected	5.0
107909	44789	Undirected	4.0
107909	40202	Undirected	4.0
107909	21422	Undirected	4.0
107909	14032	Undirected	4.0
107909	-215054	Undirected	4.0
107909	68680	Undirected	4.0
107909	7492	Undirected	4.0
107909	9121	Undirected	4.0
107909	47922	Undirected	4.0
107909	107868	Undirected	4.0
107909	69341	Undirected	4.0
107909	7253	Undirected	4.0
107909	-253001	Undirected	4.0
35749	-210764	Undirected	4.0
35749	118330	Undirected	5.0
35749	56939	Undirected	4.0
35749	-17244	Undirected	5.0
35749	-420903	Undirected	5.0
35749	46081	Undirected	4.0
35749	33964	Undirected	4.0
127919	41348	Undirected	4.0
96463	34838	Undirected	4.0
96463	-385120	Undirected	4.0
96463	-104747	Undirected	4.0
96463	56409	Undirected	4.0
96463	35928	Undirected	4.0
96463	95046	Undirected	4.0
96463	68130	Undirected	4.0
106292	95046	Undirected	10.0
106292	-189459	Undirected	10.0
106292	-177421	Undirected	10.0
106292	-7738	Undirected	10.0
106292	73058	Undirected	10.0
106292	4136	Undirected	10.0
106292	15755	Undirected	10.0
106292	40140	Undirected	10.0
106292	58708	Undirected	10.0
106292	100952	Undirected	10.0
106292	108032	Undirected	10.0
106292	68130	Undirected	10.0
106292	32269	Undirected	10.0
106292	82953	Undirected	4.0
106292	-422664	Undirected	4.0
34838	-385120	Undirected	4.0
34838	-104747	Undirected	4.0
34838	56409	Undirected	4.0
34838	35928	Undirected	4.0
34838	95046	Undirected	4.0
34838	68130	Undirected	4.0
-385120	-104747	Undirected	4.0
-385120	56409	Undirected	4.0
-385120	35928	Undirected	4.0
-385120	95046	Undirected	4.0
-385120	68130	Undirected	4.0
-104747	56409	Undirected	4.0
-104747	35928	Undirected	4.0
-104747	95046	Undirected	4.0
-104747	68130	Undirected	4.0
56409	35928	Undirected	4.0
56409	95046	Undirected	6.0
56409	4136	Undirected	4.0
56409	15755	Undirected	4.0
56409	40140	Undirected	5.0
56409	68130	Undirected	4.0
56409	82953	Undirected	4.0
56409	14479	Undirected	4.0
56409	27203	Undirected	4.0
56409	12945	Undirected	4.0
56409	73642	Undirected	6.0
56409	53013	Undirected	6.0
56409	81738	Undirected	6.0
56409	-167226	Undirected	6.0
56409	46177	Undirected	5.0
56409	112671	Undirected	4.0
56409	-401501	Undirected	4.0
56409	17558	Undirected	4.0
56409	108792	Undirected	4.0
56409	27648	Undirected	4.0
56409	73994	Undirected	4.0
56409	13851	Undirected	4.0
56409	117015	Undirected	4.0
56409	5562	Undirected	4.0
56409	-423577	Undirected	4.0
56409	-250227	Undirected	4.0
56409	41801	Undirected	4.0
56409	102002	Undirected	4.0
56409	27411	Undirected	4.0
56409	47424	Undirected	4.0
56409	54239	Undirected	4.0
56409	32006	Undirected	4.0
56409	6534	Undirected	4.0
56409	33964	Undirected	4.0
35928	95046	Undirected	4.0
35928	68130	Undirected	4.0
119913	-487990	Undirected	4.0
119913	95046	Undirected	4.0
119913	34648	Undirected	4.0
119913	88190	Undirected	4.0
-487990	95046	Undirected	4.0
-487990	34648	Undirected	4.0
-487990	88190	Undirected	4.0
95046	34648	Undirected	4.0
95046	88190	Undirected	4.0
95046	8323	Undirected	4.0
95046	-189459	Undirected	10.0
95046	-177421	Undirected	10.0
95046	-7738	Undirected	10.0
95046	73058	Undirected	10.0
95046	4136	Undirected	11.0
95046	15755	Undirected	11.0
95046	40140	Undirected	11.0
95046	58708	Undirected	10.0
95046	100952	Undirected	10.0
95046	108032	Undirected	10.0
95046	68130	Undirected	11.0
95046	32269	Undirected	10.0
95046	54110	Undirected	6.0
95046	1799	Undirected	4.0
95046	82953	Undirected	8.0
95046	93226	Undirected	5.0
95046	72078	Undirected	4.0
95046	-23413	Undirected	5.0
95046	125790	Undirected	4.0
95046	14479	Undirected	6.0
95046	42725	Undirected	5.0
95046	27178	Undirected	4.0
95046	85552	Undirected	4.0
95046	-190439	Undirected	4.0
95046	36103	Undirected	5.0
95046	44916	Undirected	4.0
95046	-189972	Undirected	4.0
95046	-406899	Undirected	4.0
95046	-189092	Undirected	4.0
95046	10789	Undirected	6.0
95046	45006	Undirected	5.0
95046	72193	Undirected	4.0
95046	11579	Undirected	5.0
95046	100624	Undirected	4.0
95046	2132	Undirected	4.0
95046	10310	Undirected	4.0
95046	12945	Undirected	7.0
95046	73642	Undirected	5.0
95046	53013	Undirected	5.0
95046	81738	Undirected	5.0
95046	-167226	Undirected	5.0
95046	45311	Undirected	4.0
95046	46177	Undirected	5.0
95046	112671	Undirected	5.0
95046	-401501	Undirected	5.0
95046	61977	Undirected	4.0
95046	37796	Undirected	5.0
95046	27204	Undirected	5.0
95046	-295071	Undirected	5.0
95046	17558	Undirected	4.0
95046	108792	Undirected	4.0
95046	27648	Undirected	7.0
95046	-117640	Undirected	6.0
95046	98471	Undirected	4.0
95046	9602	Undirected	5.0
95046	28488	Undirected	4.0
95046	-449796	Undirected	4.0
95046	36023	Undirected	5.0
95046	73994	Undirected	4.0
95046	-391743	Undirected	4.0
95046	-493306	Undirected	4.0
95046	44683	Undirected	4.0
95046	13851	Undirected	4.0
95046	117015	Undirected	4.0
95046	5562	Undirected	5.0
95046	82965	Undirected	4.0
95046	32176	Undirected	4.0
95046	-423577	Undirected	5.0
95046	-126494	Undirected	4.0
95046	44932	Undirected	4.0
95046	-250227	Undirected	5.0
95046	41801	Undirected	5.0
95046	102002	Undirected	6.0
95046	-453496	Undirected	4.0
95046	-3143	Undirected	5.0
95046	28387	Undirected	4.0
95046	125098	Undirected	4.0
95046	-253734	Undirected	4.0
95046	27411	Undirected	4.0
95046	-107177	Undirected	4.0
95046	-159795	Undirected	4.0
95046	43874	Undirected	6.0
95046	-422664	Undirected	6.0
95046	-429500	Undirected	4.0
95046	73954	Undirected	4.0
95046	110100	Undirected	6.0
95046	-466014	Undirected	5.0
95046	78648	Undirected	5.0
95046	47424	Undirected	4.0
95046	99913	Undirected	4.0
95046	-189602	Undirected	5.0
95046	54239	Undirected	5.0
95046	83313	Undirected	4.0
95046	-258685	Undirected	4.0
95046	12133	Undirected	4.0
95046	32006	Undirected	4.0
95046	6534	Undirected	4.0
95046	16037	Undirected	4.0
95046	33964	Undirected	4.0
95046	94966	Undirected	4.0
34648	88190	Undirected	4.0
-493737	-412242	Undirected	4.0
-493737	-87745	Undirected	4.0
-493737	44789	Undirected	4.0
101381	-210764	Undirected	4.0
101381	-117115	Undirected	4.0
101381	-4432	Undirected	4.0
101381	106929	Undirected	4.0
-210764	-117115	Undirected	4.0
-210764	-4432	Undirected	4.0
-210764	106929	Undirected	4.0
-210764	118330	Undirected	4.0
-210764	-17244	Undirected	4.0
-210764	-420903	Undirected	4.0
-210764	33964	Undirected	4.0
-117115	-4432	Undirected	4.0
-117115	106929	Undirected	4.0
-4432	106929	Undirected	4.0
8323	41348	Undirected	4.0
8323	42725	Undirected	4.0
8323	-257263	Undirected	4.0
-189459	-177421	Undirected	10.0
-189459	-7738	Undirected	10.0
-189459	73058	Undirected	10.0
-189459	4136	Undirected	10.0
-189459	15755	Undirected	10.0
-189459	40140	Undirected	10.0
-189459	58708	Undirected	10.0
-189459	100952	Undirected	10.0
-189459	108032	Undirected	10.0
-189459	68130	Undirected	10.0
-189459	32269	Undirected	10.0
-189459	82953	Undirected	4.0
-189459	-422664	Undirected	4.0
-177421	-7738	Undirected	10.0
-177421	73058	Undirected	10.0
-177421	4136	Undirected	10.0
-177421	15755	Undirected	10.0
-177421	40140	Undirected	10.0
-177421	58708	Undirected	10.0
-177421	100952	Undirected	10.0
-177421	108032	Undirected	10.0
-177421	68130	Undirected	10.0
-177421	32269	Undirected	10.0
-177421	82953	Undirected	4.0
-177421	-422664	Undirected	4.0
-7738	73058	Undirected	10.0
-7738	4136	Undirected	10.0
-7738	15755	Undirected	10.0
-7738	40140	Undirected	10.0
-7738	58708	Undirected	10.0
-7738	100952	Undirected	10.0
-7738	108032	Undirected	10.0
-7738	68130	Undirected	10.0
-7738	32269	Undirected	10.0
-7738	82953	Undirected	4.0
-7738	-422664	Undirected	4.0
73058	4136	Undirected	10.0
73058	15755	Undirected	10.0
73058	40140	Undirected	10.0
73058	58708	Undirected	10.0
73058	100952	Undirected	10.0
73058	108032	Undirected	10.0
73058	68130	Undirected	10.0
73058	32269	Undirected	10.0
73058	82953	Undirected	4.0
73058	-422664	Undirected	4.0
4136	15755	Undirected	10.0
4136	40140	Undirected	11.0
4136	58708	Undirected	10.0
4136	100952	Undirected	10.0
4136	108032	Undirected	10.0
4136	68130	Undirected	10.0
4136	32269	Undirected	10.0
4136	82953	Undirected	5.0
4136	12945	Undirected	4.0
4136	37796	Undirected	4.0
4136	27648	Undirected	4.0
4136	-3143	Undirected	4.0
4136	43874	Undirected	4.0
4136	-422664	Undirected	4.0
4136	110100	Undirected	4.0
4136	-466014	Undirected	4.0
4136	33964	Undirected	4.0
15755	40140	Undirected	10.0
15755	58708	Undirected	10.0
15755	100952	Undirected	10.0
15755	108032	Undirected	10.0
15755	68130	Undirected	10.0
15755	32269	Undirected	10.0
15755	82953	Undirected	5.0
15755	44916	Undirected	4.0
15755	12945	Undirected	4.0
15755	37796	Undirected	4.0
15755	27648	Undirected	4.0
15755	-453496	Undirected	4.0
15755	-3143	Undirected	5.0
15755	125768	Undirected	4.0
15755	24398	Undirected	4.0
15755	43874	Undirected	4.0
15755	-422664	Undirected	5.0
15755	-429500	Undirected	4.0
15755	73954	Undirected	4.0
15755	110100	Undirected	4.0
15755	-466014	Undirected	4.0
40140	58708	Undirected	10.0
40140	100952	Undirected	10.0
40140	108032	Undirected	10.0
40140	68130	Undirected	10.0
40140	32269	Undirected	10.0
40140	82953	Undirected	5.0
40140	2132	Undirected	4.0
40140	12945	Undirected	5.0
40140	73642	Undirected	4.0
40140	53013	Undirected	4.0
40140	81738	Undirected	4.0
40140	-167226	Undirected	4.0
40140	37796	Undirected	4.0
40140	27648	Undirected	4.0
40140	-3143	Undirected	4.0
40140	43874	Undirected	4.0
40140	-422664	Undirected	4.0
40140	110100	Undirected	4.0
40140	-466014	Undirected	4.0
40140	33964	Undirected	4.0
58708	100952	Undirected	10.0
58708	108032	Undirected	10.0
58708	68130	Undirected	10.0
58708	32269	Undirected	10.0
58708	82953	Undirected	4.0
58708	13417	Undirected	4.0
58708	-422664	Undirected	4.0
58708	14228	Undirected	4.0
58708	45429	Undirected	4.0
58708	29692	Undirected	4.0
100952	108032	Undirected	10.0
100952	68130	Undirected	10.0
100952	32269	Undirected	10.0
100952	82953	Undirected	4.0
100952	-422664	Undirected	4.0
108032	68130	Undirected	10.0
108032	32269	Undirected	10.0
108032	82953	Undirected	4.0
108032	-422664	Undirected	4.0
68130	32269	Undirected	10.0
68130	82953	Undirected	5.0
68130	61230	Undirected	4.0
68130	44948	Undirected	5.0
68130	-113845	Undirected	4.0
68130	-399201	Undirected	4.0
68130	125790	Undirected	4.0
68130	-398170	Undirected	4.0
68130	45812	Undirected	4.0
68130	27178	Undirected	4.0
68130	85552	Undirected	4.0
68130	10789	Undirected	4.0
68130	127861	Undirected	5.0
68130	-399342	Undirected	4.0
68130	79363	Undirected	4.0
68130	2132	Undirected	5.0
68130	90652	Undirected	4.0
68130	27648	Undirected	5.0
68130	-391743	Undirected	4.0
68130	-107177	Undirected	4.0
68130	6602	Undirected	4.0
68130	-422664	Undirected	5.0
32269	82953	Undirected	4.0
32269	-422664	Undirected	4.0
14082	49768	Undirected	4.0
14082	44789	Undirected	4.0
118330	56939	Undirected	4.0
118330	-17244	Undirected	5.0
118330	-420903	Undirected	5.0
118330	46081	Undirected	4.0
118330	33964	Undirected	4.0
56939	-17244	Undirected	4.0
56939	-420903	Undirected	4.0
56939	46081	Undirected	4.0
-17244	-420903	Undirected	6.0
-17244	46081	Undirected	4.0
-17244	33964	Undirected	4.0
-420903	46081	Undirected	4.0
-420903	33964	Undirected	4.0
93895	122537	Undirected	5.0
93895	-418628	Undirected	4.0
93895	-24480	Undirected	4.0
93895	80634	Undirected	4.0
93895	13540	Undirected	4.0
93895	28545	Undirected	4.0
93895	116917	Undirected	4.0
93895	108938	Undirected	4.0
93895	-244873	Undirected	4.0
93895	-180790	Undirected	4.0
93895	108534	Undirected	4.0
93895	42474	Undirected	4.0
93895	-116488	Undirected	4.0
93895	3138	Undirected	4.0
93895	-80837	Undirected	4.0
93895	-51573	Undirected	4.0
93895	130377	Undirected	4.0
93895	28462	Undirected	4.0
93895	-439712	Undirected	4.0
93895	-464153	Undirected	4.0
122537	80634	Undirected	4.0
122537	13540	Undirected	4.0
122537	28545	Undirected	4.0
122537	116917	Undirected	4.0
122537	108938	Undirected	4.0
122537	-244873	Undirected	4.0
122537	-180790	Undirected	4.0
122537	108534	Undirected	4.0
122537	42474	Undirected	4.0
122537	-116488	Undirected	4.0
122537	3138	Undirected	4.0
122537	-80837	Undirected	4.0
122537	-51573	Undirected	4.0
122537	130377	Undirected	4.0
122537	28462	Undirected	4.0
122537	-439712	Undirected	4.0
122537	-464153	Undirected	4.0
-188970	-456155	Undirected	4.0
-188970	34988	Undirected	4.0
-188970	-224585	Undirected	4.0
-188970	-196384	Undirected	4.0
-188970	117687	Undirected	4.0
-188970	43613	Undirected	4.0
-188970	-412209	Undirected	4.0
-188970	-504137	Undirected	4.0
-188970	108593	Undirected	4.0
-188970	101281	Undirected	4.0
-188970	-140023	Undirected	4.0
-188970	-435967	Undirected	4.0
-188970	36017	Undirected	4.0
-188970	-114894	Undirected	4.0
-188970	80062	Undirected	4.0
-188970	-443602	Undirected	4.0
-188970	123849	Undirected	4.0
-188970	78277	Undirected	4.0
-188970	128838	Undirected	4.0
-188970	-462042	Undirected	4.0
-188970	15654	Undirected	4.0
-188970	120065	Undirected	4.0
-188970	-160495	Undirected	4.0
-188970	-118249	Undirected	4.0
-188970	-115191	Undirected	4.0
-107082	78397	Undirected	4.0
-107082	-507527	Undirected	4.0
-107082	-507529	Undirected	4.0
-107082	17222	Undirected	4.0
-107082	-372746	Undirected	4.0
-107082	-259812	Undirected	4.0
-107082	83269	Undirected	4.0
-107082	-25080	Undirected	4.0
78397	-507527	Undirected	4.0
78397	-507529	Undirected	4.0
78397	17222	Undirected	4.0
78397	-372746	Undirected	4.0
78397	-259812	Undirected	4.0
78397	83269	Undirected	4.0
-507527	-507529	Undirected	4.0
-507527	17222	Undirected	4.0
-507527	-372746	Undirected	4.0
-507527	-259812	Undirected	4.0
-507527	83269	Undirected	4.0
-507529	17222	Undirected	4.0
-507529	-372746	Undirected	4.0
-507529	-259812	Undirected	4.0
-507529	83269	Undirected	4.0
17222	-372746	Undirected	4.0
17222	-259812	Undirected	4.0
17222	83269	Undirected	4.0
17222	98571	Undirected	6.0
-372746	-259812	Undirected	4.0
-372746	83269	Undirected	5.0
-259812	83269	Undirected	4.0
41348	42725	Undirected	4.0
41348	-257263	Undirected	4.0
42685	106640	Undirected	4.0
42685	82103	Undirected	4.0
42685	29823	Undirected	4.0
42685	-429174	Undirected	4.0
42685	-116491	Undirected	4.0
42685	74829	Undirected	4.0
51646	-19966	Undirected	4.0
51646	119342	Undirected	4.0
51646	117583	Undirected	4.0
-19966	119342	Undirected	4.0
-19966	117583	Undirected	4.0
119342	117583	Undirected	4.0
117583	-97525	Undirected	4.0
63519	50377	Undirected	4.0
63519	72886	Undirected	4.0
63519	-428371	Undirected	4.0
50377	72886	Undirected	4.0
50377	-428371	Undirected	4.0
72886	-428371	Undirected	4.0
106090	-418628	Undirected	4.0
106090	82953	Undirected	4.0
106090	14479	Undirected	4.0
106090	-189092	Undirected	4.0
106090	11579	Undirected	4.0
106090	10310	Undirected	4.0
106090	12945	Undirected	4.0
106090	46177	Undirected	4.0
106090	98471	Undirected	4.0
106090	101121	Undirected	4.0
106090	-188467	Undirected	4.0
106090	-107944	Undirected	4.0
106090	6586	Undirected	4.0
106090	5562	Undirected	4.0
106090	123706	Undirected	4.0
106090	82965	Undirected	4.0
106090	32169	Undirected	4.0
106090	32176	Undirected	4.0
106090	29788	Undirected	4.0
106090	-423577	Undirected	4.0
106090	-126494	Undirected	4.0
106090	44932	Undirected	4.0
106090	11031	Undirected	4.0
106090	16783	Undirected	4.0
106090	73469	Undirected	4.0
106090	91763	Undirected	4.0
106090	-250227	Undirected	4.0
106090	-240050	Undirected	4.0
106090	13096	Undirected	4.0
106090	41801	Undirected	4.0
106090	-188696	Undirected	4.0
106090	-98711	Undirected	4.0
106090	-19895	Undirected	4.0
106090	120848	Undirected	4.0
106090	-187035	Undirected	4.0
106090	48909	Undirected	4.0
106090	41099	Undirected	4.0
106090	74046	Undirected	4.0
106090	107590	Undirected	4.0
106090	50582	Undirected	4.0
-418628	-24480	Undirected	5.0
-418628	35210	Undirected	4.0
72333	76520	Undirected	4.0
72333	115485	Undirected	4.0
76520	115485	Undirected	4.0
15956	51232	Undirected	4.0
15956	122399	Undirected	4.0
15956	40151	Undirected	5.0
15956	8710	Undirected	5.0
15956	4762	Undirected	5.0
15956	2867	Undirected	5.0
15956	5195	Undirected	5.0
15956	100961	Undirected	5.0
15956	14582	Undirected	4.0
15956	88761	Undirected	4.0
15956	35221	Undirected	4.0
15956	22017	Undirected	4.0
39006	97323	Undirected	5.0
39006	-94516	Undirected	8.0
39006	94773	Undirected	8.0
39006	7492	Undirected	5.0
39006	46217	Undirected	7.0
39006	102634	Undirected	4.0
39006	31883	Undirected	4.0
39006	12311	Undirected	4.0
39006	28187	Undirected	4.0
39006	-486867	Undirected	6.0
39006	-188962	Undirected	6.0
39006	46128	Undirected	5.0
39006	8465	Undirected	4.0
39006	50579	Undirected	4.0
39006	13368	Undirected	4.0
39006	16880	Undirected	4.0
39006	4553	Undirected	4.0
39006	82833	Undirected	4.0
39006	13330	Undirected	4.0
39006	37881	Undirected	4.0
39006	94859	Undirected	6.0
39006	123469	Undirected	5.0
39006	-120856	Undirected	5.0
39006	43826	Undirected	6.0
39006	-468308	Undirected	5.0
39006	107535	Undirected	4.0
10115	20508	Undirected	7.0
10115	53039	Undirected	7.0
10115	8964	Undirected	4.0
10115	94512	Undirected	4.0
10115	-218517	Undirected	7.0
10115	-214628	Undirected	4.0
10115	5533	Undirected	4.0
10115	97323	Undirected	4.0
10115	86737	Undirected	4.0
20508	53039	Undirected	7.0
20508	8964	Undirected	4.0
20508	94512	Undirected	4.0
20508	-218517	Undirected	7.0
20508	-214628	Undirected	4.0
20508	5533	Undirected	4.0
20508	97323	Undirected	4.0
20508	86737	Undirected	4.0
53039	8964	Undirected	4.0
53039	94512	Undirected	4.0
53039	-218517	Undirected	7.0
53039	-214628	Undirected	4.0
53039	5533	Undirected	4.0
53039	97323	Undirected	4.0
53039	86737	Undirected	4.0
8964	94512	Undirected	4.0
8964	-218517	Undirected	4.0
8964	-214628	Undirected	4.0
8964	5533	Undirected	4.0
8964	96613	Undirected	4.0
8964	111872	Undirected	4.0
8964	7963	Undirected	4.0
94512	-218517	Undirected	4.0
94512	-214628	Undirected	4.0
94512	5533	Undirected	4.0
-218517	-214628	Undirected	4.0
-218517	5533	Undirected	4.0
-218517	97323	Undirected	4.0
-218517	86737	Undirected	4.0
-214628	5533	Undirected	4.0
66895	-114995	Undirected	6.0
66895	37521	Undirected	6.0
66895	22036	Undirected	6.0
66895	-265313	Undirected	4.0
66895	13140	Undirected	4.0
66895	42450	Undirected	4.0
66895	-115235	Undirected	4.0
66895	61323	Undirected	4.0
66895	46040	Undirected	4.0
66895	12204	Undirected	4.0
66895	125120	Undirected	4.0
66895	96613	Undirected	4.0
66895	7492	Undirected	4.0
66895	9121	Undirected	4.0
66895	115947	Undirected	4.0
66895	109756	Undirected	4.0
66895	31883	Undirected	4.0
66895	-188242	Undirected	4.0
66895	38091	Undirected	4.0
66895	-223629	Undirected	4.0
66895	-362630	Undirected	4.0
66895	-486867	Undirected	4.0
-114995	37521	Undirected	6.0
-114995	22036	Undirected	6.0
-114995	-265313	Undirected	4.0
-114995	13140	Undirected	4.0
-114995	42450	Undirected	4.0
-114995	-115235	Undirected	4.0
-114995	61323	Undirected	4.0
-114995	46040	Undirected	4.0
-114995	12204	Undirected	4.0
-114995	125120	Undirected	4.0
-114995	96613	Undirected	4.0
-114995	7492	Undirected	4.0
-114995	9121	Undirected	4.0
-114995	115947	Undirected	4.0
-114995	109756	Undirected	4.0
-114995	31883	Undirected	4.0
-114995	-188242	Undirected	4.0
-114995	38091	Undirected	4.0
-114995	-223629	Undirected	4.0
-114995	-362630	Undirected	4.0
-114995	-486867	Undirected	4.0
37521	22036	Undirected	6.0
37521	-265313	Undirected	4.0
37521	13140	Undirected	4.0
37521	42450	Undirected	4.0
37521	-115235	Undirected	4.0
37521	61323	Undirected	4.0
37521	45310	Undirected	4.0
37521	46040	Undirected	4.0
37521	12204	Undirected	5.0
37521	125120	Undirected	4.0
37521	41112	Undirected	4.0
37521	40210	Undirected	4.0
37521	11473	Undirected	4.0
37521	96613	Undirected	5.0
37521	16565	Undirected	4.0
37521	7492	Undirected	4.0
37521	9121	Undirected	4.0
37521	115947	Undirected	4.0
37521	109756	Undirected	4.0
37521	31883	Undirected	4.0
37521	-188242	Undirected	4.0
37521	38091	Undirected	4.0
37521	-223629	Undirected	4.0
37521	-362630	Undirected	4.0
37521	-486867	Undirected	4.0
22036	-265313	Undirected	4.0
22036	13140	Undirected	4.0
22036	42450	Undirected	4.0
22036	-115235	Undirected	4.0
22036	61323	Undirected	4.0
22036	46040	Undirected	4.0
22036	12204	Undirected	4.0
22036	125120	Undirected	4.0
22036	96613	Undirected	4.0
22036	7492	Undirected	4.0
22036	9121	Undirected	4.0
22036	115947	Undirected	4.0
22036	109756	Undirected	4.0
22036	31883	Undirected	4.0
22036	-188242	Undirected	4.0
22036	38091	Undirected	4.0
22036	-223629	Undirected	4.0
22036	-362630	Undirected	4.0
22036	-486867	Undirected	4.0
75200	-9233	Undirected	5.0
75200	-1330	Undirected	5.0
75200	-110554	Undirected	5.0
75200	-224809	Undirected	5.0
-9233	-1330	Undirected	5.0
-9233	-110554	Undirected	5.0
-9233	-224809	Undirected	5.0
-1330	-110554	Undirected	5.0
-1330	-224809	Undirected	5.0
-110554	-224809	Undirected	5.0
-426035	48095	Undirected	4.0
-199356	43504	Undirected	4.0
-199356	2451	Undirected	4.0
-199356	16056	Undirected	4.0
-199356	-159364	Undirected	4.0
-199356	115183	Undirected	4.0
-199356	-464583	Undirected	4.0
-199356	-480284	Undirected	4.0
-199356	96777	Undirected	4.0
-199356	-218454	Undirected	4.0
43504	2451	Undirected	4.0
43504	16056	Undirected	4.0
43504	-159364	Undirected	4.0
43504	115183	Undirected	4.0
43504	-464583	Undirected	4.0
43504	-480284	Undirected	4.0
43504	96777	Undirected	4.0
43504	-218454	Undirected	4.0
2451	16056	Undirected	4.0
2451	-159364	Undirected	4.0
2451	115183	Undirected	4.0
2451	-464583	Undirected	4.0
2451	-480284	Undirected	4.0
2451	96777	Undirected	4.0
2451	-218454	Undirected	4.0
16056	-159364	Undirected	4.0
16056	115183	Undirected	4.0
16056	-464583	Undirected	4.0
16056	-480284	Undirected	4.0
16056	96777	Undirected	4.0
16056	-218454	Undirected	4.0
-159364	115183	Undirected	4.0
-159364	-464583	Undirected	4.0
-159364	-480284	Undirected	4.0
-159364	96777	Undirected	4.0
-159364	-218454	Undirected	4.0
115183	-464583	Undirected	4.0
115183	-480284	Undirected	4.0
115183	96777	Undirected	4.0
115183	-218454	Undirected	4.0
-464583	-480284	Undirected	4.0
-464583	96777	Undirected	4.0
-464583	-218454	Undirected	4.0
-480284	96777	Undirected	4.0
-480284	-218454	Undirected	4.0
96777	-218454	Undirected	4.0
-265313	13140	Undirected	5.0
-265313	42450	Undirected	4.0
-265313	-115235	Undirected	4.0
-265313	12204	Undirected	5.0
-265313	125120	Undirected	4.0
-265313	68680	Undirected	4.0
-265313	7492	Undirected	4.0
-265313	9121	Undirected	5.0
-265313	37119	Undirected	4.0
-265313	109756	Undirected	4.0
-265313	-406143	Undirected	4.0
-265313	1216	Undirected	4.0
-265313	77621	Undirected	4.0
-265313	107868	Undirected	5.0
-265313	69341	Undirected	5.0
-265313	-416678	Undirected	4.0
-265313	-192625	Undirected	4.0
-265313	15016	Undirected	4.0
-265313	596	Undirected	4.0
-265313	7253	Undirected	5.0
-265313	-546606	Undirected	4.0
-265313	-253001	Undirected	5.0
-265313	27691	Undirected	4.0
-265313	27196	Undirected	4.0
-265313	-434052	Undirected	4.0
-265313	-486867	Undirected	4.0
-265313	29233	Undirected	4.0
127275	1799	Undirected	4.0
127275	-183408	Undirected	4.0
120015	-188134	Undirected	5.0
120015	61373	Undirected	5.0
120015	9965	Undirected	5.0
120015	52930	Undirected	5.0
120015	13140	Undirected	5.0
120015	42450	Undirected	5.0
120015	-115235	Undirected	5.0
120015	61323	Undirected	5.0
120015	105888	Undirected	5.0
120015	77725	Undirected	5.0
120015	45310	Undirected	5.0
120015	46040	Undirected	5.0
120015	45	Undirected	5.0
120015	89660	Undirected	5.0
120015	34540	Undirected	5.0
120015	52344	Undirected	5.0
120015	12204	Undirected	5.0
120015	125120	Undirected	5.0
120015	94775	Undirected	5.0
-188134	61373	Undirected	5.0
-188134	9965	Undirected	5.0
-188134	52930	Undirected	5.0
-188134	13140	Undirected	5.0
-188134	42450	Undirected	5.0
-188134	-115235	Undirected	5.0
-188134	61323	Undirected	5.0
-188134	105888	Undirected	5.0
-188134	77725	Undirected	5.0
-188134	45310	Undirected	5.0
-188134	46040	Undirected	5.0
-188134	45	Undirected	5.0
-188134	89660	Undirected	5.0
-188134	34540	Undirected	5.0
-188134	52344	Undirected	5.0
-188134	12204	Undirected	5.0
-188134	125120	Undirected	5.0
-188134	94775	Undirected	5.0
61373	9965	Undirected	5.0
61373	52930	Undirected	5.0
61373	13140	Undirected	5.0
61373	42450	Undirected	5.0
61373	-115235	Undirected	5.0
61373	61323	Undirected	5.0
61373	105888	Undirected	5.0
61373	77725	Undirected	5.0
61373	45310	Undirected	5.0
61373	46040	Undirected	5.0
61373	45	Undirected	5.0
61373	89660	Undirected	5.0
61373	34540	Undirected	5.0
61373	52344	Undirected	5.0
61373	12204	Undirected	5.0
61373	125120	Undirected	5.0
61373	94775	Undirected	5.0
9965	52930	Undirected	5.0
9965	13140	Undirected	5.0
9965	42450	Undirected	5.0
9965	-115235	Undirected	5.0
9965	61323	Undirected	5.0
9965	105888	Undirected	5.0
9965	77725	Undirected	5.0
9965	45310	Undirected	5.0
9965	46040	Undirected	5.0
9965	45	Undirected	5.0
9965	89660	Undirected	5.0
9965	34540	Undirected	5.0
9965	52344	Undirected	5.0
9965	12204	Undirected	5.0
9965	125120	Undirected	5.0
9965	94775	Undirected	5.0
52930	13140	Undirected	5.0
52930	42450	Undirected	5.0
52930	-115235	Undirected	5.0
52930	61323	Undirected	5.0
52930	105888	Undirected	5.0
52930	77725	Undirected	5.0
52930	45310	Undirected	5.0
52930	46040	Undirected	5.0
52930	45	Undirected	5.0
52930	89660	Undirected	5.0
52930	34540	Undirected	5.0
52930	52344	Undirected	5.0
52930	12204	Undirected	5.0
52930	125120	Undirected	5.0
52930	94775	Undirected	5.0
13140	42450	Undirected	7.0
13140	-115235	Undirected	6.0
13140	61323	Undirected	5.0
13140	105888	Undirected	5.0
13140	77725	Undirected	5.0
13140	45310	Undirected	5.0
13140	46040	Undirected	5.0
13140	45	Undirected	5.0
13140	89660	Undirected	5.0
13140	34540	Undirected	5.0
13140	52344	Undirected	5.0
13140	12204	Undirected	7.0
13140	125120	Undirected	7.0
13140	27178	Undirected	4.0
13140	94775	Undirected	5.0
13140	68680	Undirected	4.0
13140	46239	Undirected	4.0
13140	9121	Undirected	4.0
13140	27203	Undirected	4.0
13140	47922	Undirected	4.0
13140	55348	Undirected	4.0
13140	109756	Undirected	4.0
13140	-223629	Undirected	4.0
13140	-406143	Undirected	4.0
13140	112671	Undirected	4.0
13140	1216	Undirected	4.0
13140	15348	Undirected	4.0
13140	77621	Undirected	4.0
13140	107868	Undirected	4.0
13140	69341	Undirected	4.0
13140	-416678	Undirected	4.0
13140	-192625	Undirected	4.0
13140	15016	Undirected	4.0
13140	596	Undirected	4.0
13140	7253	Undirected	4.0
13140	-253001	Undirected	4.0
13140	58058	Undirected	4.0
13140	27691	Undirected	4.0
13140	27196	Undirected	4.0
13140	-434052	Undirected	4.0
13140	-486867	Undirected	4.0
13140	5562	Undirected	4.0
13140	-423577	Undirected	4.0
13140	-250227	Undirected	4.0
13140	-133775	Undirected	4.0
42450	-115235	Undirected	6.0
42450	61323	Undirected	5.0
42450	105888	Undirected	5.0
42450	77725	Undirected	5.0
42450	45310	Undirected	5.0
42450	46040	Undirected	5.0
42450	45	Undirected	5.0
42450	89660	Undirected	5.0
42450	34540	Undirected	6.0
42450	52344	Undirected	5.0
42450	12204	Undirected	6.0
42450	125120	Undirected	9.0
42450	36103	Undirected	4.0
42450	44916	Undirected	4.0
42450	-93913	Undirected	5.0
42450	-415585	Undirected	6.0
42450	94775	Undirected	5.0
42450	12945	Undirected	4.0
42450	37796	Undirected	4.0
42450	27204	Undirected	4.0
42450	-295071	Undirected	4.0
42450	119882	Undirected	4.0
42450	102002	Undirected	4.0
42450	-453496	Undirected	4.0
42450	-3143	Undirected	4.0
42450	125768	Undirected	4.0
42450	24398	Undirected	4.0
-115235	61323	Undirected	5.0
-115235	105888	Undirected	5.0
-115235	77725	Undirected	5.0
-115235	45310	Undirected	5.0
-115235	46040	Undirected	5.0
-115235	45	Undirected	5.0
-115235	89660	Undirected	5.0
-115235	34540	Undirected	5.0
-115235	52344	Undirected	5.0
-115235	12204	Undirected	6.0
-115235	125120	Undirected	6.0
-115235	94775	Undirected	5.0
61323	105888	Undirected	5.0
61323	77725	Undirected	5.0
61323	45310	Undirected	5.0
61323	46040	Undirected	6.0
61323	45	Undirected	5.0
61323	89660	Undirected	5.0
61323	34540	Undirected	5.0
61323	52344	Undirected	5.0
61323	12204	Undirected	5.0
61323	125120	Undirected	5.0
61323	94775	Undirected	5.0
61323	-223629	Undirected	4.0
105888	77725	Undirected	5.0
105888	45310	Undirected	5.0
105888	46040	Undirected	5.0
105888	45	Undirected	5.0
105888	89660	Undirected	5.0
105888	34540	Undirected	5.0
105888	52344	Undirected	5.0
105888	12204	Undirected	5.0
105888	125120	Undirected	5.0
105888	94775	Undirected	5.0
77725	45310	Undirected	5.0
77725	46040	Undirected	5.0
77725	45	Undirected	5.0
77725	89660	Undirected	5.0
77725	34540	Undirected	5.0
77725	52344	Undirected	5.0
77725	12204	Undirected	5.0
77725	125120	Undirected	5.0
77725	94775	Undirected	5.0
45310	46040	Undirected	5.0
45310	45	Undirected	5.0
45310	89660	Undirected	5.0
45310	34540	Undirected	5.0
45310	52344	Undirected	5.0
45310	12204	Undirected	6.0
45310	125120	Undirected	6.0
45310	45812	Undirected	4.0
45310	94775	Undirected	6.0
46040	45	Undirected	5.0
46040	89660	Undirected	5.0
46040	34540	Undirected	5.0
46040	52344	Undirected	5.0
46040	12204	Undirected	5.0
46040	125120	Undirected	5.0
46040	94775	Undirected	5.0
46040	-223629	Undirected	4.0
45	89660	Undirected	5.0
45	34540	Undirected	5.0
45	52344	Undirected	5.0
45	12204	Undirected	5.0
45	125120	Undirected	5.0
45	94775	Undirected	5.0
89660	34540	Undirected	5.0
89660	52344	Undirected	5.0
89660	12204	Undirected	5.0
89660	125120	Undirected	5.0
89660	94775	Undirected	5.0
34540	52344	Undirected	5.0
34540	12204	Undirected	5.0
34540	125120	Undirected	5.0
34540	94775	Undirected	5.0
52344	12204	Undirected	5.0
52344	125120	Undirected	5.0
52344	94775	Undirected	5.0
12204	125120	Undirected	6.0
12204	41112	Undirected	4.0
12204	40210	Undirected	4.0
12204	11473	Undirected	4.0
12204	96613	Undirected	4.0
12204	16565	Undirected	4.0
12204	27178	Undirected	4.0
12204	94775	Undirected	5.0
12204	68680	Undirected	4.0
12204	9121	Undirected	4.0
12204	27203	Undirected	4.0
12204	47922	Undirected	8.0
12204	-171365	Undirected	5.0
12204	56861	Undirected	5.0
12204	109756	Undirected	4.0
12204	-223629	Undirected	4.0
12204	-406143	Undirected	4.0
12204	1216	Undirected	4.0
12204	77621	Undirected	4.0
12204	107868	Undirected	4.0
12204	69341	Undirected	4.0
12204	-416678	Undirected	4.0
12204	-192625	Undirected	4.0
12204	15016	Undirected	4.0
12204	596	Undirected	4.0
12204	7253	Undirected	4.0
12204	-253001	Undirected	4.0
12204	58058	Undirected	4.0
12204	27691	Undirected	4.0
12204	27196	Undirected	4.0
12204	-434052	Undirected	4.0
12204	-486867	Undirected	4.0
125120	27178	Undirected	4.0
125120	36103	Undirected	4.0
125120	44916	Undirected	4.0
125120	-93913	Undirected	5.0
125120	-415585	Undirected	6.0
125120	94775	Undirected	6.0
125120	12945	Undirected	4.0
125120	37796	Undirected	4.0
125120	27204	Undirected	4.0
125120	-295071	Undirected	4.0
125120	119882	Undirected	4.0
41112	40210	Undirected	4.0
41112	11473	Undirected	4.0
41112	96613	Undirected	4.0
41112	16565	Undirected	4.0
40210	11473	Undirected	4.0
40210	96613	Undirected	4.0
40210	16565	Undirected	4.0
11473	96613	Undirected	4.0
11473	16565	Undirected	4.0
96613	16565	Undirected	4.0
96613	115947	Undirected	4.0
96613	106108	Undirected	4.0
48095	-514349	Undirected	5.0
48095	17160	Undirected	5.0
48095	50221	Undirected	4.0
48095	123480	Undirected	4.0
48095	-109103	Undirected	4.0
32459	54110	Undirected	4.0
32459	5961	Undirected	5.0
32459	-187211	Undirected	4.0
32459	45812	Undirected	7.0
32459	41423	Undirected	7.0
32459	-98093	Undirected	7.0
32459	14479	Undirected	8.0
32459	41623	Undirected	7.0
32459	37889	Undirected	7.0
32459	42725	Undirected	5.0
32459	61579	Undirected	4.0
32459	127902	Undirected	4.0
32459	7937	Undirected	5.0
32459	27178	Undirected	4.0
32459	13742	Undirected	4.0
32459	38914	Undirected	4.0
32459	44576	Undirected	4.0
32459	55659	Undirected	4.0
32459	3156	Undirected	4.0
32459	127065	Undirected	4.0
32459	-190439	Undirected	4.0
32459	92400	Undirected	4.0
32459	131956	Undirected	4.0
32459	39021	Undirected	5.0
32459	94047	Undirected	5.0
32459	57154	Undirected	5.0
32459	32124	Undirected	4.0
32459	73824	Undirected	4.0
32459	71061	Undirected	4.0
32459	46124	Undirected	4.0
32459	12558	Undirected	4.0
32459	-120149	Undirected	4.0
32459	98273	Undirected	4.0
32459	82213	Undirected	4.0
32459	26776	Undirected	4.0
32459	10789	Undirected	5.0
32459	26910	Undirected	4.0
32459	-2819	Undirected	4.0
32459	10910	Undirected	4.0
32459	-401170	Undirected	4.0
32459	-117640	Undirected	4.0
32459	10276	Undirected	4.0
32459	55720	Undirected	4.0
32459	-516970	Undirected	4.0
32459	48909	Undirected	4.0
-23812	54110	Undirected	4.0
54110	14479	Undirected	4.0
54110	-190439	Undirected	4.0
54110	36103	Undirected	5.0
54110	2683	Undirected	4.0
54110	11579	Undirected	4.0
54110	12945	Undirected	5.0
54110	8111	Undirected	4.0
54110	-211480	Undirected	4.0
54110	39084	Undirected	4.0
54110	6882	Undirected	4.0
54110	2627	Undirected	4.0
54110	72895	Undirected	4.0
54110	17707	Undirected	4.0
54110	-357490	Undirected	4.0
54110	34519	Undirected	4.0
54110	35210	Undirected	5.0
54110	61977	Undirected	5.0
54110	-21519	Undirected	4.0
54110	72554	Undirected	5.0
54110	1450	Undirected	4.0
54110	-146464	Undirected	4.0
54110	102074	Undirected	4.0
54110	-450654	Undirected	4.0
54110	87566	Undirected	6.0
54110	-11474	Undirected	4.0
54110	3558	Undirected	4.0
54110	37796	Undirected	4.0
54110	11780	Undirected	4.0
54110	-198610	Undirected	4.0
54110	124327	Undirected	4.0
54110	-117640	Undirected	10.0
54110	-198753	Undirected	4.0
54110	-399564	Undirected	4.0
54110	-518814	Undirected	4.0
54110	122900	Undirected	4.0
54110	100464	Undirected	4.0
54110	-206937	Undirected	4.0
54110	-20431	Undirected	4.0
54110	-244818	Undirected	4.0
1799	82953	Undirected	4.0
1799	14479	Undirected	4.0
1799	42725	Undirected	5.0
1799	27178	Undirected	4.0
1799	97323	Undirected	4.0
1799	6475	Undirected	4.0
1799	14540	Undirected	4.0
1799	46239	Undirected	4.0
1799	46177	Undirected	4.0
1799	28187	Undirected	4.0
1799	58058	Undirected	4.0
1799	-486867	Undirected	4.0
1799	115433	Undirected	4.0
1799	-366390	Undirected	4.0
1799	17558	Undirected	4.0
1799	111741	Undirected	5.0
1799	108792	Undirected	4.0
1799	27648	Undirected	4.0
1799	28488	Undirected	5.0
1799	46128	Undirected	5.0
1799	50579	Undirected	4.0
1799	-258910	Undirected	4.0
1799	82895	Undirected	4.0
1799	7875	Undirected	4.0
1799	132139	Undirected	4.0
1799	-537220	Undirected	5.0
1799	42432	Undirected	4.0
1799	5562	Undirected	5.0
1799	32176	Undirected	4.0
1799	-423577	Undirected	5.0
1799	44932	Undirected	4.0
1799	-250227	Undirected	5.0
1799	-240050	Undirected	5.0
1799	13096	Undirected	4.0
1799	41801	Undirected	4.0
1799	9043	Undirected	5.0
1799	111427	Undirected	5.0
1799	-107177	Undirected	4.0
1799	-159795	Undirected	5.0
1799	-468308	Undirected	4.0
1799	32006	Undirected	4.0
1799	6534	Undirected	5.0
1799	-462639	Undirected	5.0
1799	5587	Undirected	5.0
1799	18960	Undirected	4.0
1799	-120053	Undirected	4.0
1799	-139598	Undirected	4.0
1799	98559	Undirected	4.0
1799	76609	Undirected	4.0
80634	13540	Undirected	12.0
80634	28545	Undirected	6.0
80634	116917	Undirected	5.0
80634	108938	Undirected	4.0
80634	-244873	Undirected	11.0
80634	-180790	Undirected	10.0
80634	108534	Undirected	5.0
80634	42474	Undirected	4.0
80634	-116488	Undirected	4.0
80634	3138	Undirected	5.0
80634	-80837	Undirected	4.0
80634	-51573	Undirected	4.0
80634	130377	Undirected	12.0
80634	28462	Undirected	5.0
80634	-439712	Undirected	4.0
80634	-464153	Undirected	4.0
80634	51807	Undirected	4.0
80634	-153810	Undirected	6.0
80634	76480	Undirected	11.0
80634	-472552	Undirected	5.0
80634	-197091	Undirected	6.0
80634	-123382	Undirected	5.0
80634	12861	Undirected	6.0
80634	12687	Undirected	7.0
80634	37401	Undirected	7.0
80634	-104233	Undirected	9.0
80634	70341	Undirected	4.0
80634	-236820	Undirected	4.0
80634	-174574	Undirected	4.0
80634	54484	Undirected	4.0
80634	76878	Undirected	4.0
80634	80329	Undirected	6.0
80634	106056	Undirected	4.0
80634	-121488	Undirected	8.0
80634	-213872	Undirected	8.0
80634	50928	Undirected	8.0
80634	-186148	Undirected	8.0
80634	-102134	Undirected	8.0
80634	-102120	Undirected	8.0
80634	-88091	Undirected	8.0
80634	-88122	Undirected	8.0
80634	90582	Undirected	8.0
80634	15837	Undirected	8.0
80634	58496	Undirected	8.0
80634	54861	Undirected	9.0
80634	123557	Undirected	8.0
80634	102051	Undirected	8.0
80634	57895	Undirected	8.0
80634	58780	Undirected	9.0
80634	-222053	Undirected	8.0
80634	-368728	Undirected	8.0
80634	-399142	Undirected	5.0
80634	34342	Undirected	5.0
80634	-209472	Undirected	5.0
80634	50252	Undirected	5.0
80634	54005	Undirected	5.0
80634	-154535	Undirected	5.0
80634	-124688	Undirected	5.0
80634	-11230	Undirected	5.0
80634	679	Undirected	5.0
80634	-117265	Undirected	5.0
80634	-163850	Undirected	5.0
80634	-49647	Undirected	5.0
80634	40306	Undirected	5.0
80634	15519	Undirected	5.0
80634	26550	Undirected	5.0
80634	26587	Undirected	5.0
80634	68422	Undirected	5.0
80634	-227962	Undirected	5.0
80634	103969	Undirected	5.0
80634	-395173	Undirected	5.0
13540	28545	Undirected	5.0
13540	116917	Undirected	5.0
13540	108938	Undirected	4.0
13540	-244873	Undirected	11.0
13540	-180790	Undirected	9.0
13540	108534	Undirected	5.0
13540	42474	Undirected	4.0
13540	-116488	Undirected	4.0
13540	3138	Undirected	6.0
13540	-80837	Undirected	4.0
13540	-51573	Undirected	4.0
13540	130377	Undirected	13.0
13540	28462	Undirected	6.0
13540	-439712	Undirected	4.0
13540	-464153	Undirected	4.0
13540	-125362	Undirected	4.0
13540	51807	Undirected	4.0
13540	40612	Undirected	4.0
13540	-153810	Undirected	6.0
13540	76480	Undirected	10.0
13540	-472552	Undirected	5.0
13540	-197091	Undirected	7.0
13540	-123382	Undirected	5.0
13540	12861	Undirected	6.0
13540	12687	Undirected	7.0
13540	37401	Undirected	6.0
13540	-104233	Undirected	9.0
13540	80329	Undirected	4.0
13540	124317	Undirected	4.0
13540	-121488	Undirected	8.0
13540	-213872	Undirected	8.0
13540	50928	Undirected	8.0
13540	-186148	Undirected	8.0
13540	-102134	Undirected	8.0
13540	-102120	Undirected	8.0
13540	-88091	Undirected	8.0
13540	-88122	Undirected	8.0
13540	90582	Undirected	8.0
13540	15837	Undirected	8.0
13540	58496	Undirected	8.0
13540	54861	Undirected	10.0
13540	123557	Undirected	8.0
13540	102051	Undirected	8.0
13540	57895	Undirected	9.0
13540	58780	Undirected	10.0
13540	-222053	Undirected	8.0
13540	-368728	Undirected	8.0
13540	-399142	Undirected	6.0
13540	34342	Undirected	5.0
13540	-209472	Undirected	5.0
13540	50252	Undirected	5.0
13540	54005	Undirected	5.0
13540	-154535	Undirected	5.0
13540	-124688	Undirected	5.0
13540	-11230	Undirected	5.0
13540	679	Undirected	6.0
13540	-117265	Undirected	5.0
13540	-163850	Undirected	5.0
13540	-49647	Undirected	6.0
13540	40306	Undirected	5.0
13540	15519	Undirected	5.0
13540	26550	Undirected	6.0
13540	26587	Undirected	5.0
13540	68422	Undirected	5.0
13540	-227962	Undirected	5.0
13540	103969	Undirected	5.0
13540	31821	Undirected	4.0
13540	-395173	Undirected	5.0
13540	-9371	Undirected	4.0
13540	102784	Undirected	4.0
13540	29807	Undirected	4.0
13540	124192	Undirected	4.0
13540	114122	Undirected	4.0
28545	116917	Undirected	4.0
28545	108938	Undirected	4.0
28545	-244873	Undirected	4.0
28545	-180790	Undirected	5.0
28545	108534	Undirected	4.0
28545	42474	Undirected	4.0
28545	-116488	Undirected	4.0
28545	3138	Undirected	4.0
28545	-80837	Undirected	4.0
28545	-51573	Undirected	4.0
28545	130377	Undirected	4.0
28545	28462	Undirected	4.0
28545	-439712	Undirected	4.0
28545	-464153	Undirected	4.0
28545	51807	Undirected	4.0
28545	12687	Undirected	4.0
28545	3172	Undirected	4.0
116917	108938	Undirected	4.0
116917	-244873	Undirected	5.0
116917	-180790	Undirected	5.0
116917	108534	Undirected	4.0
116917	42474	Undirected	4.0
116917	-116488	Undirected	4.0
116917	3138	Undirected	4.0
116917	-80837	Undirected	4.0
116917	-51573	Undirected	4.0
116917	130377	Undirected	5.0
116917	28462	Undirected	4.0
116917	-439712	Undirected	4.0
116917	-464153	Undirected	4.0
116917	12861	Undirected	4.0
108938	-244873	Undirected	4.0
108938	-180790	Undirected	4.0
108938	108534	Undirected	4.0
108938	42474	Undirected	4.0
108938	-116488	Undirected	4.0
108938	3138	Undirected	4.0
108938	-80837	Undirected	4.0
108938	-51573	Undirected	4.0
108938	130377	Undirected	4.0
108938	28462	Undirected	4.0
108938	-439712	Undirected	4.0
108938	-464153	Undirected	4.0
-244873	-180790	Undirected	8.0
-244873	108534	Undirected	5.0
-244873	42474	Undirected	4.0
-244873	-116488	Undirected	4.0
-244873	3138	Undirected	4.0
-244873	-80837	Undirected	4.0
-244873	-51573	Undirected	4.0
-244873	130377	Undirected	11.0
-244873	28462	Undirected	4.0
-244873	-439712	Undirected	4.0
-244873	-464153	Undirected	4.0
-244873	-153810	Undirected	6.0
-244873	76480	Undirected	9.0
-244873	-472552	Undirected	5.0
-244873	-197091	Undirected	6.0
-244873	-123382	Undirected	5.0
-244873	12861	Undirected	6.0
-244873	12687	Undirected	5.0
-244873	37401	Undirected	5.0
-244873	-104233	Undirected	9.0
-244873	-121488	Undirected	8.0
-244873	-213872	Undirected	8.0
-244873	50928	Undirected	8.0
-244873	-186148	Undirected	8.0
-244873	-102134	Undirected	8.0
-244873	-102120	Undirected	8.0
-244873	-88091	Undirected	8.0
-244873	-88122	Undirected	8.0
-244873	90582	Undirected	8.0
-244873	15837	Undirected	8.0
-244873	58496	Undirected	8.0
-244873	54861	Undirected	8.0
-244873	123557	Undirected	8.0
-244873	102051	Undirected	8.0
-244873	57895	Undirected	8.0
-244873	58780	Undirected	8.0
-244873	-222053	Undirected	8.0
-244873	-368728	Undirected	8.0
-244873	-399142	Undirected	5.0
-244873	34342	Undirected	5.0
-244873	-209472	Undirected	5.0
-244873	50252	Undirected	5.0
-244873	54005	Undirected	5.0
-244873	-154535	Undirected	5.0
-244873	-124688	Undirected	5.0
-244873	-11230	Undirected	5.0
-244873	679	Undirected	5.0
-244873	-117265	Undirected	5.0
-244873	-163850	Undirected	5.0
-244873	-49647	Undirected	5.0
-244873	40306	Undirected	5.0
-244873	15519	Undirected	5.0
-244873	26550	Undirected	5.0
-244873	26587	Undirected	5.0
-244873	68422	Undirected	5.0
-244873	-227962	Undirected	5.0
-244873	103969	Undirected	5.0
-244873	-395173	Undirected	4.0
-180790	108534	Undirected	5.0
-180790	42474	Undirected	5.0
-180790	-116488	Undirected	4.0
-180790	3138	Undirected	5.0
-180790	-80837	Undirected	4.0
-180790	-51573	Undirected	4.0
-180790	130377	Undirected	10.0
-180790	28462	Undirected	6.0
-180790	-439712	Undirected	4.0
-180790	-464153	Undirected	5.0
-180790	-125362	Undirected	4.0
-180790	51807	Undirected	4.0
-180790	6728	Undirected	4.0
-180790	-153810	Undirected	10.0
-180790	76480	Undirected	8.0
-180790	-472552	Undirected	6.0
-180790	-197091	Undirected	10.0
-180790	-123382	Undirected	5.0
-180790	12861	Undirected	6.0
-180790	12687	Undirected	8.0
-180790	37401	Undirected	8.0
-180790	78580	Undirected	4.0
-180790	-104233	Undirected	7.0
-180790	6532	Undirected	4.0
-180790	-456155	Undirected	4.0
-180790	70341	Undirected	4.0
-180790	-236820	Undirected	4.0
-180790	-174574	Undirected	4.0
-180790	3618	Undirected	4.0
-180790	80329	Undirected	6.0
-180790	106056	Undirected	5.0
-180790	124317	Undirected	4.0
-180790	-121488	Undirected	6.0
-180790	-213872	Undirected	5.0
-180790	50928	Undirected	5.0
-180790	-186148	Undirected	5.0
-180790	-102134	Undirected	5.0
-180790	-102120	Undirected	5.0
-180790	-88091	Undirected	5.0
-180790	-88122	Undirected	5.0
-180790	90582	Undirected	5.0
-180790	15837	Undirected	5.0
-180790	58496	Undirected	5.0
-180790	54861	Undirected	6.0
-180790	123557	Undirected	5.0
-180790	102051	Undirected	5.0
-180790	57895	Undirected	5.0
-180790	58780	Undirected	6.0
-180790	-222053	Undirected	5.0
-180790	-368728	Undirected	5.0
-180790	-399142	Undirected	9.0
-180790	34342	Undirected	9.0
-180790	-209472	Undirected	9.0
-180790	50252	Undirected	9.0
-180790	54005	Undirected	9.0
-180790	-154535	Undirected	9.0
-180790	-124688	Undirected	9.0
-180790	-11230	Undirected	9.0
-180790	679	Undirected	9.0
-180790	-117265	Undirected	9.0
-180790	-163850	Undirected	9.0
-180790	-49647	Undirected	9.0
-180790	40306	Undirected	9.0
-180790	15519	Undirected	9.0
-180790	26550	Undirected	9.0
-180790	26587	Undirected	9.0
-180790	68422	Undirected	9.0
-180790	-227962	Undirected	9.0
-180790	103969	Undirected	9.0
-180790	59459	Undirected	4.0
-180790	31821	Undirected	4.0
-180790	-210456	Undirected	4.0
-180790	-395173	Undirected	6.0
-180790	-156387	Undirected	4.0
-180790	-9371	Undirected	4.0
-180790	-7023	Undirected	4.0
-180790	102784	Undirected	4.0
-180790	27234	Undirected	4.0
-180790	-435920	Undirected	4.0
-180790	-97445	Undirected	5.0
-180790	10636	Undirected	5.0
-180790	-467571	Undirected	5.0
-180790	-502987	Undirected	5.0
-180790	-547615	Undirected	5.0
-180790	-547284	Undirected	5.0
-180790	-547376	Undirected	5.0
-180790	-547368	Undirected	5.0
108534	42474	Undirected	4.0
108534	-116488	Undirected	4.0
108534	3138	Undirected	4.0
108534	-80837	Undirected	4.0
108534	-51573	Undirected	4.0
108534	130377	Undirected	5.0
108534	28462	Undirected	4.0
108534	-439712	Undirected	4.0
108534	-464153	Undirected	4.0
108534	-123382	Undirected	4.0
108534	12861	Undirected	4.0
42474	-116488	Undirected	4.0
42474	3138	Undirected	4.0
42474	-80837	Undirected	4.0
42474	-51573	Undirected	4.0
42474	130377	Undirected	4.0
42474	28462	Undirected	4.0
42474	-439712	Undirected	4.0
42474	-464153	Undirected	7.0
42474	27824	Undirected	4.0
-116488	3138	Undirected	4.0
-116488	-80837	Undirected	4.0
-116488	-51573	Undirected	4.0
-116488	130377	Undirected	4.0
-116488	28462	Undirected	4.0
-116488	-439712	Undirected	4.0
-116488	-464153	Undirected	4.0
3138	-80837	Undirected	4.0
3138	-51573	Undirected	4.0
3138	130377	Undirected	6.0
3138	28462	Undirected	6.0
3138	-439712	Undirected	4.0
3138	-464153	Undirected	4.0
-80837	-51573	Undirected	4.0
-80837	130377	Undirected	4.0
-80837	28462	Undirected	4.0
-80837	-439712	Undirected	4.0
-80837	-464153	Undirected	4.0
-51573	130377	Undirected	4.0
-51573	28462	Undirected	4.0
-51573	-439712	Undirected	4.0
-51573	-464153	Undirected	4.0
130377	28462	Undirected	7.0
130377	-439712	Undirected	4.0
130377	-464153	Undirected	4.0
130377	-125362	Undirected	4.0
130377	-153810	Undirected	7.0
130377	76480	Undirected	10.0
130377	-472552	Undirected	6.0
130377	-197091	Undirected	7.0
130377	-123382	Undirected	5.0
130377	12861	Undirected	6.0
130377	12687	Undirected	7.0
130377	37401	Undirected	7.0
130377	-104233	Undirected	9.0
130377	80329	Undirected	5.0
130377	124317	Undirected	4.0
130377	-121488	Undirected	9.0
130377	-213872	Undirected	8.0
130377	50928	Undirected	8.0
130377	-186148	Undirected	8.0
130377	-102134	Undirected	8.0
130377	-102120	Undirected	8.0
130377	-88091	Undirected	8.0
130377	-88122	Undirected	8.0
130377	90582	Undirected	8.0
130377	15837	Undirected	8.0
130377	58496	Undirected	8.0
130377	54861	Undirected	10.0
130377	123557	Undirected	8.0
130377	102051	Undirected	8.0
130377	57895	Undirected	8.0
130377	58780	Undirected	10.0
130377	-222053	Undirected	8.0
130377	-368728	Undirected	8.0
130377	-399142	Undirected	6.0
130377	34342	Undirected	6.0
130377	-209472	Undirected	6.0
130377	50252	Undirected	6.0
130377	54005	Undirected	6.0
130377	-154535	Undirected	6.0
130377	-124688	Undirected	6.0
130377	-11230	Undirected	6.0
130377	679	Undirected	6.0
130377	-117265	Undirected	6.0
130377	-163850	Undirected	6.0
130377	-49647	Undirected	6.0
130377	40306	Undirected	6.0
130377	15519	Undirected	6.0
130377	26550	Undirected	6.0
130377	26587	Undirected	6.0
130377	68422	Undirected	6.0
130377	-227962	Undirected	6.0
130377	103969	Undirected	6.0
130377	59459	Undirected	4.0
130377	31821	Undirected	4.0
130377	-210456	Undirected	4.0
130377	-395173	Undirected	6.0
130377	-156387	Undirected	4.0
130377	-9371	Undirected	4.0
130377	-7023	Undirected	4.0
130377	102784	Undirected	4.0
130377	27234	Undirected	4.0
130377	-435920	Undirected	4.0
130377	29807	Undirected	4.0
130377	-416208	Undirected	4.0
130377	78529	Undirected	4.0
130377	108835	Undirected	4.0
130377	124192	Undirected	4.0
130377	114122	Undirected	4.0
28462	-439712	Undirected	4.0
28462	-464153	Undirected	4.0
28462	12687	Undirected	4.0
28462	37401	Undirected	4.0
28462	-416208	Undirected	4.0
28462	78529	Undirected	4.0
28462	108835	Undirected	4.0
-439712	-464153	Undirected	4.0
-464153	27824	Undirected	4.0
-125362	51807	Undirected	4.0
-125362	-153810	Undirected	4.0
-125362	-472552	Undirected	4.0
-125362	-197091	Undirected	5.0
-125362	12687	Undirected	7.0
-125362	37401	Undirected	5.0
-125362	6532	Undirected	4.0
-125362	70341	Undirected	5.0
-125362	-236820	Undirected	5.0
-125362	-174574	Undirected	5.0
-125362	124317	Undirected	4.0
-125362	-399142	Undirected	4.0
-125362	679	Undirected	4.0
-125362	-49647	Undirected	4.0
-125362	40306	Undirected	4.0
-125362	26550	Undirected	4.0
11861	-169900	Undirected	4.0
11861	12687	Undirected	4.0
-169900	40612	Undirected	4.0
-169900	12687	Undirected	4.0
-169900	31821	Undirected	4.0
51807	40357	Undirected	5.0
51807	44695	Undirected	5.0
51807	109724	Undirected	5.0
51807	31886	Undirected	5.0
51807	76480	Undirected	4.0
51807	12687	Undirected	6.0
51807	37401	Undirected	5.0
51807	35937	Undirected	4.0
51807	3618	Undirected	4.0
51807	93129	Undirected	4.0
51807	89280	Undirected	4.0
51807	55324	Undirected	4.0
51807	-297874	Undirected	4.0
51807	54484	Undirected	4.0
51807	76878	Undirected	4.0
51807	-13537	Undirected	4.0
40357	44695	Undirected	5.0
40357	109724	Undirected	5.0
40357	31886	Undirected	5.0
40357	12687	Undirected	5.0
40357	37401	Undirected	4.0
40357	35937	Undirected	4.0
40357	3618	Undirected	4.0
40357	93129	Undirected	4.0
40357	89280	Undirected	4.0
40357	55324	Undirected	4.0
40357	-297874	Undirected	4.0
44695	109724	Undirected	5.0
44695	31886	Undirected	5.0
44695	12687	Undirected	5.0
44695	37401	Undirected	4.0
44695	35937	Undirected	4.0
44695	3618	Undirected	4.0
44695	93129	Undirected	4.0
44695	89280	Undirected	4.0
44695	55324	Undirected	4.0
44695	-297874	Undirected	4.0
109724	31886	Undirected	5.0
109724	12687	Undirected	5.0
109724	37401	Undirected	4.0
109724	35937	Undirected	4.0
109724	3618	Undirected	4.0
109724	93129	Undirected	4.0
109724	89280	Undirected	4.0
109724	55324	Undirected	4.0
109724	-297874	Undirected	4.0
31886	12687	Undirected	5.0
31886	37401	Undirected	4.0
31886	35937	Undirected	4.0
31886	3618	Undirected	4.0
31886	93129	Undirected	4.0
31886	89280	Undirected	4.0
31886	55324	Undirected	4.0
31886	-297874	Undirected	4.0
30550	-361751	Undirected	6.0
30550	-289013	Undirected	6.0
30550	-229913	Undirected	6.0
30550	6728	Undirected	6.0
30550	-161562	Undirected	6.0
30550	40612	Undirected	6.0
30550	-153810	Undirected	6.0
30550	128335	Undirected	6.0
30550	-456155	Undirected	4.0
30550	-140023	Undirected	4.0
-361751	-289013	Undirected	6.0
-361751	-229913	Undirected	6.0
-361751	6728	Undirected	6.0
-361751	-161562	Undirected	6.0
-361751	40612	Undirected	6.0
-361751	-153810	Undirected	6.0
-361751	128335	Undirected	6.0
-361751	-456155	Undirected	4.0
-361751	-140023	Undirected	4.0
-289013	-229913	Undirected	6.0
-289013	6728	Undirected	6.0
-289013	-161562	Undirected	6.0
-289013	40612	Undirected	6.0
-289013	-153810	Undirected	6.0
-289013	128335	Undirected	6.0
-289013	-456155	Undirected	4.0
-289013	-140023	Undirected	4.0
-229913	6728	Undirected	6.0
-229913	-161562	Undirected	6.0
-229913	40612	Undirected	6.0
-229913	-153810	Undirected	6.0
-229913	128335	Undirected	6.0
-229913	-456155	Undirected	4.0
-229913	-140023	Undirected	4.0
6728	-161562	Undirected	6.0
6728	40612	Undirected	6.0
6728	-153810	Undirected	8.0
6728	128335	Undirected	6.0
6728	-197091	Undirected	4.0
6728	-123382	Undirected	5.0
6728	12861	Undirected	4.0
6728	78580	Undirected	4.0
6728	-104233	Undirected	5.0
6728	6532	Undirected	4.0
6728	12808	Undirected	4.0
6728	-456155	Undirected	5.0
6728	3618	Undirected	5.0
6728	34988	Undirected	4.0
6728	44685	Undirected	4.0
6728	78398	Undirected	5.0
6728	88857	Undirected	6.0
6728	-154535	Undirected	4.0
6728	103969	Undirected	4.0
6728	-395173	Undirected	4.0
6728	117687	Undirected	4.0
6728	56494	Undirected	4.0
6728	43613	Undirected	4.0
6728	-412209	Undirected	5.0
6728	-504137	Undirected	4.0
6728	39084	Undirected	4.0
6728	87331	Undirected	4.0
6728	108593	Undirected	4.0
6728	-140023	Undirected	5.0
6728	-467365	Undirected	4.0
-161562	40612	Undirected	6.0
-161562	-153810	Undirected	6.0
-161562	128335	Undirected	6.0
-161562	-456155	Undirected	4.0
-161562	-140023	Undirected	4.0
40612	-153810	Undirected	7.0
40612	128335	Undirected	6.0
40612	-197091	Undirected	4.0
40612	-123382	Undirected	4.0
40612	12861	Undirected	4.0
40612	12687	Undirected	5.0
40612	-104233	Undirected	4.0
40612	-456155	Undirected	4.0
40612	3618	Undirected	4.0
40612	55324	Undirected	4.0
40612	61230	Undirected	4.0
40612	-113845	Undirected	5.0
40612	-399201	Undirected	4.0
40612	34988	Undirected	4.0
40612	44685	Undirected	6.0
40612	57895	Undirected	4.0
40612	679	Undirected	4.0
40612	26550	Undirected	4.0
40612	31821	Undirected	4.0
40612	-395173	Undirected	4.0
40612	27648	Undirected	4.0
40612	-140023	Undirected	4.0
40612	-437916	Undirected	4.0
40612	41239	Undirected	5.0
40612	-22878	Undirected	5.0
40612	-150653	Undirected	5.0
40612	71090	Undirected	4.0
40612	123858	Undirected	4.0
40612	-516991	Undirected	4.0
40612	-11031	Undirected	4.0
40612	-104967	Undirected	4.0
40612	28301	Undirected	5.0
-153810	128335	Undirected	6.0
-153810	76480	Undirected	6.0
-153810	-472552	Undirected	6.0
-153810	-197091	Undirected	10.0
-153810	-123382	Undirected	6.0
-153810	12861	Undirected	6.0
-153810	12687	Undirected	6.0
-153810	37401	Undirected	6.0
-153810	78580	Undirected	4.0
-153810	-104233	Undirected	8.0
-153810	6532	Undirected	5.0
-153810	12808	Undirected	4.0
-153810	-456155	Undirected	5.0
-153810	3618	Undirected	5.0
-153810	80329	Undirected	4.0
-153810	124317	Undirected	4.0
-153810	34988	Undirected	5.0
-153810	-224585	Undirected	4.0
-153810	56426	Undirected	4.0
-153810	44685	Undirected	6.0
-153810	-150346	Undirected	4.0
-153810	78398	Undirected	4.0
-153810	88857	Undirected	4.0
-153810	-121488	Undirected	6.0
-153810	-213872	Undirected	5.0
-153810	50928	Undirected	5.0
-153810	-186148	Undirected	5.0
-153810	-102134	Undirected	5.0
-153810	-102120	Undirected	5.0
-153810	-88091	Undirected	5.0
-153810	-88122	Undirected	5.0
-153810	90582	Undirected	5.0
-153810	15837	Undirected	5.0
-153810	58496	Undirected	5.0
-153810	54861	Undirected	5.0
-153810	123557	Undirected	5.0
-153810	102051	Undirected	5.0
-153810	57895	Undirected	5.0
-153810	58780	Undirected	5.0
-153810	-222053	Undirected	5.0
-153810	-368728	Undirected	5.0
-153810	-399142	Undirected	9.0
-153810	34342	Undirected	9.0
-153810	-209472	Undirected	9.0
-153810	50252	Undirected	9.0
-153810	54005	Undirected	9.0
-153810	-154535	Undirected	10.0
-153810	-124688	Undirected	9.0
-153810	-11230	Undirected	9.0
-153810	679	Undirected	9.0
-153810	-117265	Undirected	9.0
-153810	-163850	Undirected	9.0
-153810	-49647	Undirected	9.0
-153810	40306	Undirected	9.0
-153810	15519	Undirected	9.0
-153810	26550	Undirected	9.0
-153810	26587	Undirected	9.0
-153810	68422	Undirected	9.0
-153810	-227962	Undirected	9.0
-153810	103969	Undirected	10.0
-153810	59459	Undirected	4.0
-153810	31821	Undirected	4.0
-153810	-210456	Undirected	4.0
-153810	-395173	Undirected	7.0
-153810	-156387	Undirected	4.0
-153810	-9371	Undirected	4.0
-153810	-7023	Undirected	4.0
-153810	102784	Undirected	4.0
-153810	27234	Undirected	5.0
-153810	-435920	Undirected	4.0
-153810	-412209	Undirected	4.0
-153810	-140023	Undirected	6.0
-153810	-435967	Undirected	4.0
-153810	-437916	Undirected	4.0
-153810	36017	Undirected	4.0
-153810	-87106	Undirected	4.0
-153810	-414546	Undirected	4.0
-153810	-461902	Undirected	4.0
128335	-456155	Undirected	4.0
128335	-140023	Undirected	4.0
76480	-472552	Undirected	5.0
76480	-197091	Undirected	6.0
76480	-123382	Undirected	5.0
76480	12861	Undirected	5.0
76480	12687	Undirected	7.0
76480	37401	Undirected	7.0
76480	-104233	Undirected	9.0
76480	80329	Undirected	5.0
76480	-121488	Undirected	8.0
76480	-213872	Undirected	8.0
76480	50928	Undirected	8.0
76480	-186148	Undirected	8.0
76480	-102134	Undirected	8.0
76480	-102120	Undirected	8.0
76480	-88091	Undirected	8.0
76480	-88122	Undirected	8.0
76480	90582	Undirected	8.0
76480	15837	Undirected	8.0
76480	58496	Undirected	8.0
76480	54861	Undirected	9.0
76480	123557	Undirected	8.0
76480	102051	Undirected	8.0
76480	57895	Undirected	8.0
76480	58780	Undirected	9.0
76480	-222053	Undirected	8.0
76480	-368728	Undirected	8.0
76480	-399142	Undirected	5.0
76480	34342	Undirected	5.0
76480	-209472	Undirected	5.0
76480	50252	Undirected	5.0
76480	54005	Undirected	5.0
76480	-154535	Undirected	5.0
76480	-124688	Undirected	5.0
76480	-11230	Undirected	5.0
76480	679	Undirected	5.0
76480	-117265	Undirected	5.0
76480	-163850	Undirected	5.0
76480	-49647	Undirected	5.0
76480	40306	Undirected	5.0
76480	15519	Undirected	5.0
76480	26550	Undirected	5.0
76480	26587	Undirected	5.0
76480	68422	Undirected	5.0
76480	-227962	Undirected	5.0
76480	103969	Undirected	5.0
76480	-395173	Undirected	5.0
-472552	-197091	Undirected	6.0
-472552	-123382	Undirected	5.0
-472552	12861	Undirected	5.0
-472552	12687	Undirected	6.0
-472552	37401	Undirected	6.0
-472552	-104233	Undirected	5.0
-472552	80329	Undirected	4.0
-472552	124317	Undirected	4.0
-472552	-121488	Undirected	5.0
-472552	-213872	Undirected	4.0
-472552	50928	Undirected	4.0
-472552	-186148	Undirected	4.0
-472552	-102134	Undirected	4.0
-472552	-102120	Undirected	4.0
-472552	-88091	Undirected	4.0
-472552	-88122	Undirected	4.0
-472552	90582	Undirected	4.0
-472552	15837	Undirected	4.0
-472552	58496	Undirected	4.0
-472552	54861	Undirected	4.0
-472552	123557	Undirected	4.0
-472552	102051	Undirected	4.0
-472552	57895	Undirected	4.0
-472552	58780	Undirected	4.0
-472552	-222053	Undirected	4.0
-472552	-368728	Undirected	4.0
-472552	-399142	Undirected	5.0
-472552	34342	Undirected	5.0
-472552	-209472	Undirected	5.0
-472552	50252	Undirected	5.0
-472552	54005	Undirected	5.0
-472552	-154535	Undirected	5.0
-472552	-124688	Undirected	5.0
-472552	-11230	Undirected	5.0
-472552	679	Undirected	5.0
-472552	-117265	Undirected	5.0
-472552	-163850	Undirected	5.0
-472552	-49647	Undirected	5.0
-472552	40306	Undirected	5.0
-472552	15519	Undirected	5.0
-472552	26550	Undirected	5.0
-472552	26587	Undirected	5.0
-472552	68422	Undirected	5.0
-472552	-227962	Undirected	5.0
-472552	103969	Undirected	5.0
-472552	59459	Undirected	4.0
-472552	31821	Undirected	4.0
-472552	-210456	Undirected	4.0
-472552	-395173	Undirected	5.0
-472552	-156387	Undirected	4.0
-472552	-9371	Undirected	4.0
-472552	-7023	Undirected	4.0
-472552	102784	Undirected	4.0
-472552	27234	Undirected	4.0
-472552	-435920	Undirected	4.0
-197091	-123382	Undirected	6.0
-197091	12861	Undirected	6.0
-197091	12687	Undirected	7.0
-197091	37401	Undirected	6.0
-197091	-104233	Undirected	7.0
-197091	6532	Undirected	4.0
-197091	3618	Undirected	4.0
-197091	80329	Undirected	4.0
-197091	124317	Undirected	5.0
-197091	-77034	Undirected	5.0
-197091	34988	Undirected	4.0
-197091	44685	Undirected	5.0
-197091	-150346	Undirected	4.0
-197091	-121488	Undirected	6.0
-197091	-213872	Undirected	5.0
-197091	50928	Undirected	5.0
-197091	-186148	Undirected	5.0
-197091	-102134	Undirected	5.0
-197091	-102120	Undirected	5.0
-197091	-88091	Undirected	5.0
-197091	-88122	Undirected	5.0
-197091	90582	Undirected	5.0
-197091	15837	Undirected	5.0
-197091	58496	Undirected	5.0
-197091	54861	Undirected	5.0
-197091	123557	Undirected	5.0
-197091	102051	Undirected	5.0
-197091	57895	Undirected	6.0
-197091	58780	Undirected	5.0
-197091	-222053	Undirected	5.0
-197091	-368728	Undirected	5.0
-197091	-399142	Undirected	10.0
-197091	34342	Undirected	9.0
-197091	-209472	Undirected	9.0
-197091	50252	Undirected	9.0
-197091	54005	Undirected	9.0
-197091	-154535	Undirected	9.0
-197091	-124688	Undirected	9.0
-197091	-11230	Undirected	9.0
-197091	679	Undirected	10.0
-197091	-117265	Undirected	9.0
-197091	-163850	Undirected	9.0
-197091	-49647	Undirected	10.0
-197091	40306	Undirected	9.0
-197091	15519	Undirected	9.0
-197091	26550	Undirected	10.0
-197091	26587	Undirected	9.0
-197091	68422	Undirected	9.0
-197091	-227962	Undirected	9.0
-197091	103969	Undirected	9.0
-197091	59459	Undirected	4.0
-197091	31821	Undirected	5.0
-197091	-210456	Undirected	4.0
-197091	-395173	Undirected	5.0
-197091	-156387	Undirected	4.0
-197091	-9371	Undirected	5.0
-197091	-7023	Undirected	4.0
-197091	102784	Undirected	5.0
-197091	27234	Undirected	4.0
-197091	-435920	Undirected	4.0
-197091	-113659	Undirected	5.0
-197091	100637	Undirected	5.0
-197091	14049	Undirected	5.0
-197091	-208196	Undirected	4.0
-197091	-202184	Undirected	4.0
-197091	-437916	Undirected	4.0
-123382	12861	Undirected	6.0
-123382	12687	Undirected	5.0
-123382	37401	Undirected	5.0
-123382	-104233	Undirected	6.0
-123382	44685	Undirected	5.0
-123382	78398	Undirected	4.0
-123382	88857	Undirected	4.0
-123382	-121488	Undirected	4.0
-123382	-213872	Undirected	4.0
-123382	50928	Undirected	4.0
-123382	-186148	Undirected	4.0
-123382	-102134	Undirected	4.0
-123382	-102120	Undirected	4.0
-123382	-88091	Undirected	4.0
-123382	-88122	Undirected	4.0
-123382	90582	Undirected	4.0
-123382	15837	Undirected	4.0
-123382	58496	Undirected	4.0
-123382	54861	Undirected	4.0
-123382	123557	Undirected	4.0
-123382	102051	Undirected	4.0
-123382	57895	Undirected	4.0
-123382	58780	Undirected	4.0
-123382	-222053	Undirected	4.0
-123382	-368728	Undirected	4.0
-123382	-399142	Undirected	4.0
-123382	34342	Undirected	4.0
-123382	-209472	Undirected	4.0
-123382	50252	Undirected	4.0
-123382	54005	Undirected	4.0
-123382	-154535	Undirected	6.0
-123382	-124688	Undirected	4.0
-123382	-11230	Undirected	4.0
-123382	679	Undirected	4.0
-123382	-117265	Undirected	4.0
-123382	-163850	Undirected	4.0
-123382	-49647	Undirected	4.0
-123382	40306	Undirected	4.0
-123382	15519	Undirected	4.0
-123382	26550	Undirected	4.0
-123382	26587	Undirected	4.0
-123382	68422	Undirected	4.0
-123382	-227962	Undirected	4.0
-123382	103969	Undirected	5.0
-123382	-395173	Undirected	5.0
-123382	27234	Undirected	4.0
-123382	355	Undirected	4.0
-123382	-21519	Undirected	4.0
-123382	72554	Undirected	4.0
-123382	10186	Undirected	4.0
-123382	1450	Undirected	4.0
-123382	-146464	Undirected	4.0
-123382	37814	Undirected	4.0
-123382	102074	Undirected	4.0
-123382	-450654	Undirected	4.0
-123382	87566	Undirected	4.0
12861	12687	Undirected	5.0
12861	37401	Undirected	5.0
12861	-104233	Undirected	5.0
12861	44685	Undirected	4.0
12861	-121488	Undirected	4.0
12861	-213872	Undirected	4.0
12861	50928	Undirected	4.0
12861	-186148	Undirected	4.0
12861	-102134	Undirected	4.0
12861	-102120	Undirected	4.0
12861	-88091	Undirected	4.0
12861	-88122	Undirected	4.0
12861	90582	Undirected	4.0
12861	15837	Undirected	4.0
12861	58496	Undirected	4.0
12861	54861	Undirected	4.0
12861	123557	Undirected	4.0
12861	102051	Undirected	4.0
12861	57895	Undirected	4.0
12861	58780	Undirected	4.0
12861	-222053	Undirected	4.0
12861	-368728	Undirected	4.0
12861	-399142	Undirected	4.0
12861	34342	Undirected	4.0
12861	-209472	Undirected	4.0
12861	50252	Undirected	4.0
12861	54005	Undirected	4.0
12861	-154535	Undirected	4.0
12861	-124688	Undirected	4.0
12861	-11230	Undirected	4.0
12861	679	Undirected	4.0
12861	-117265	Undirected	4.0
12861	-163850	Undirected	4.0
12861	-49647	Undirected	4.0
12861	40306	Undirected	4.0
12861	15519	Undirected	4.0
12861	26550	Undirected	4.0
12861	26587	Undirected	4.0
12861	68422	Undirected	4.0
12861	-227962	Undirected	4.0
12861	103969	Undirected	4.0
12861	-395173	Undirected	4.0
12687	37401	Undirected	9.0
12687	-104233	Undirected	5.0
12687	70341	Undirected	7.0
12687	-236820	Undirected	7.0
12687	-174574	Undirected	7.0
12687	35937	Undirected	4.0
12687	3618	Undirected	4.0
12687	93129	Undirected	4.0
12687	89280	Undirected	4.0
12687	55324	Undirected	5.0
12687	-297874	Undirected	4.0
12687	54484	Undirected	4.0
12687	76878	Undirected	4.0
12687	80329	Undirected	6.0
12687	124317	Undirected	5.0
12687	44685	Undirected	5.0
12687	-121488	Undirected	5.0
12687	-213872	Undirected	4.0
12687	50928	Undirected	4.0
12687	-186148	Undirected	4.0
12687	-102134	Undirected	4.0
12687	-102120	Undirected	4.0
12687	-88091	Undirected	4.0
12687	-88122	Undirected	4.0
12687	90582	Undirected	4.0
12687	15837	Undirected	4.0
12687	58496	Undirected	4.0
12687	54861	Undirected	5.0
12687	123557	Undirected	4.0
12687	102051	Undirected	4.0
12687	57895	Undirected	6.0
12687	58780	Undirected	5.0
12687	-222053	Undirected	4.0
12687	-368728	Undirected	4.0
12687	-399142	Undirected	6.0
12687	34342	Undirected	5.0
12687	-209472	Undirected	5.0
12687	50252	Undirected	5.0
12687	54005	Undirected	5.0
12687	-154535	Undirected	5.0
12687	-124688	Undirected	5.0
12687	-11230	Undirected	5.0
12687	679	Undirected	7.0
12687	-117265	Undirected	5.0
12687	-163850	Undirected	5.0
12687	-49647	Undirected	6.0
12687	40306	Undirected	6.0
12687	15519	Undirected	5.0
12687	26550	Undirected	7.0
12687	26587	Undirected	5.0
12687	68422	Undirected	5.0
12687	-227962	Undirected	5.0
12687	103969	Undirected	5.0
12687	59459	Undirected	4.0
12687	31821	Undirected	6.0
12687	-210456	Undirected	4.0
12687	-395173	Undirected	6.0
12687	-156387	Undirected	4.0
12687	-9371	Undirected	6.0
12687	-7023	Undirected	4.0
12687	102784	Undirected	6.0
12687	27234	Undirected	4.0
12687	-435920	Undirected	4.0
12687	100637	Undirected	4.0
12687	-97445	Undirected	4.0
12687	13273	Undirected	5.0
12687	-13537	Undirected	4.0
37401	-104233	Undirected	5.0
37401	70341	Undirected	5.0
37401	-236820	Undirected	5.0
37401	-174574	Undirected	5.0
37401	55324	Undirected	4.0
37401	54484	Undirected	4.0
37401	76878	Undirected	4.0
37401	80329	Undirected	6.0
37401	124317	Undirected	4.0
37401	-121488	Undirected	5.0
37401	-213872	Undirected	4.0
37401	50928	Undirected	4.0
37401	-186148	Undirected	4.0
37401	-102134	Undirected	4.0
37401	-102120	Undirected	4.0
37401	-88091	Undirected	4.0
37401	-88122	Undirected	4.0
37401	90582	Undirected	4.0
37401	15837	Undirected	4.0
37401	58496	Undirected	4.0
37401	54861	Undirected	5.0
37401	123557	Undirected	4.0
37401	102051	Undirected	4.0
37401	57895	Undirected	4.0
37401	58780	Undirected	5.0
37401	-222053	Undirected	4.0
37401	-368728	Undirected	4.0
37401	-399142	Undirected	5.0
37401	34342	Undirected	5.0
37401	-209472	Undirected	5.0
37401	50252	Undirected	5.0
37401	54005	Undirected	5.0
37401	-154535	Undirected	5.0
37401	-124688	Undirected	5.0
37401	-11230	Undirected	5.0
37401	679	Undirected	5.0
37401	-117265	Undirected	5.0
37401	-163850	Undirected	5.0
37401	-49647	Undirected	5.0
37401	40306	Undirected	5.0
37401	15519	Undirected	5.0
37401	26550	Undirected	5.0
37401	26587	Undirected	5.0
37401	68422	Undirected	5.0
37401	-227962	Undirected	5.0
37401	103969	Undirected	5.0
37401	59459	Undirected	4.0
37401	31821	Undirected	4.0
37401	-210456	Undirected	4.0
37401	-395173	Undirected	6.0
37401	-156387	Undirected	4.0
37401	-9371	Undirected	4.0
37401	-7023	Undirected	4.0
37401	102784	Undirected	4.0
37401	27234	Undirected	4.0
37401	-435920	Undirected	4.0
78580	-104233	Undirected	6.0
78580	6532	Undirected	6.0
78580	12808	Undirected	6.0
78580	-456155	Undirected	9.0
78580	3618	Undirected	4.0
78580	34988	Undirected	4.0
78580	-154535	Undirected	4.0
78580	103969	Undirected	4.0
78580	-196384	Undirected	4.0
78580	-120186	Undirected	4.0
78580	-81804	Undirected	4.0
78580	-248332	Undirected	4.0
78580	-124855	Undirected	4.0
78580	-193724	Undirected	4.0
78580	16055	Undirected	4.0
78580	117687	Undirected	5.0
78580	-282642	Undirected	4.0
78580	-249870	Undirected	4.0
78580	-244010	Undirected	4.0
78580	126697	Undirected	4.0
78580	56861	Undirected	4.0
78580	43613	Undirected	4.0
78580	-412209	Undirected	4.0
78580	75481	Undirected	4.0
78580	-116873	Undirected	4.0
78580	108593	Undirected	4.0
78580	68829	Undirected	4.0
78580	80541	Undirected	4.0
78580	-109337	Undirected	4.0
-104233	6532	Undirected	6.0
-104233	12808	Undirected	6.0
-104233	-456155	Undirected	6.0
-104233	3618	Undirected	5.0
-104233	34988	Undirected	5.0
-104233	-224585	Undirected	4.0
-104233	44685	Undirected	4.0
-104233	-121488	Undirected	8.0
-104233	-213872	Undirected	8.0
-104233	50928	Undirected	8.0
-104233	-186148	Undirected	8.0
-104233	-102134	Undirected	8.0
-104233	-102120	Undirected	8.0
-104233	-88091	Undirected	8.0
-104233	-88122	Undirected	8.0
-104233	90582	Undirected	8.0
-104233	15837	Undirected	8.0
-104233	58496	Undirected	8.0
-104233	54861	Undirected	8.0
-104233	123557	Undirected	8.0
-104233	102051	Undirected	8.0
-104233	57895	Undirected	8.0
-104233	58780	Undirected	8.0
-104233	-222053	Undirected	8.0
-104233	-368728	Undirected	8.0
-104233	-399142	Undirected	6.0
-104233	34342	Undirected	6.0
-104233	-209472	Undirected	6.0
-104233	50252	Undirected	6.0
-104233	54005	Undirected	6.0
-104233	-154535	Undirected	8.0
-104233	-124688	Undirected	6.0
-104233	-11230	Undirected	6.0
-104233	679	Undirected	6.0
-104233	-117265	Undirected	6.0
-104233	-163850	Undirected	6.0
-104233	-49647	Undirected	6.0
-104233	40306	Undirected	6.0
-104233	15519	Undirected	6.0
-104233	26550	Undirected	6.0
-104233	26587	Undirected	6.0
-104233	68422	Undirected	6.0
-104233	-227962	Undirected	6.0
-104233	103969	Undirected	8.0
-104233	-395173	Undirected	6.0
-104233	27234	Undirected	5.0
-104233	-196384	Undirected	4.0
-104233	-120186	Undirected	4.0
-104233	-81804	Undirected	4.0
-104233	-248332	Undirected	4.0
-104233	117687	Undirected	4.0
-104233	-244010	Undirected	4.0
-104233	126697	Undirected	4.0
-104233	-362298	Undirected	4.0
-104233	-140023	Undirected	4.0
-104233	-435967	Undirected	4.0
-104233	-533001	Undirected	4.0
-104233	-545013	Undirected	4.0
-104233	36017	Undirected	4.0
6532	12808	Undirected	6.0
6532	-456155	Undirected	6.0
6532	3618	Undirected	4.0
6532	34988	Undirected	4.0
6532	-154535	Undirected	5.0
6532	103969	Undirected	5.0
6532	-395173	Undirected	4.0
6532	-196384	Undirected	4.0
6532	-120186	Undirected	4.0
6532	-81804	Undirected	4.0
6532	-248332	Undirected	4.0
6532	117687	Undirected	4.0
6532	-244010	Undirected	4.0
6532	126697	Undirected	4.0
12808	-456155	Undirected	6.0
12808	3618	Undirected	4.0
12808	34988	Undirected	4.0
12808	-154535	Undirected	4.0
12808	103969	Undirected	4.0
12808	-196384	Undirected	4.0
12808	-120186	Undirected	4.0
12808	-81804	Undirected	4.0
12808	-248332	Undirected	4.0
12808	117687	Undirected	4.0
12808	-244010	Undirected	4.0
12808	126697	Undirected	4.0
-456155	3618	Undirected	4.0
-456155	34988	Undirected	5.0
-456155	-224585	Undirected	4.0
-456155	-154535	Undirected	4.0
-456155	103969	Undirected	4.0
-456155	-395173	Undirected	4.0
-456155	-196384	Undirected	5.0
-456155	-120186	Undirected	4.0
-456155	-81804	Undirected	4.0
-456155	-248332	Undirected	4.0
-456155	-124855	Undirected	4.0
-456155	-193724	Undirected	4.0
-456155	16055	Undirected	4.0
-456155	117687	Undirected	6.0
-456155	-282642	Undirected	4.0
-456155	-249870	Undirected	4.0
-456155	-244010	Undirected	4.0
-456155	126697	Undirected	4.0
-456155	56861	Undirected	4.0
-456155	98571	Undirected	4.0
-456155	43613	Undirected	5.0
-456155	-412209	Undirected	5.0
-456155	75481	Undirected	4.0
-456155	-504137	Undirected	4.0
-456155	-116873	Undirected	4.0
-456155	108593	Undirected	5.0
-456155	101281	Undirected	4.0
-456155	-140023	Undirected	4.0
-456155	-435967	Undirected	4.0
-456155	36017	Undirected	4.0
-456155	-114894	Undirected	4.0
-456155	80062	Undirected	4.0
-456155	-443602	Undirected	4.0
-456155	123849	Undirected	4.0
-456155	78277	Undirected	4.0
-456155	128838	Undirected	4.0
-456155	-462042	Undirected	4.0
-456155	15654	Undirected	4.0
-456155	120065	Undirected	4.0
-456155	-160495	Undirected	4.0
-456155	-118249	Undirected	4.0
-456155	-115191	Undirected	4.0
-456155	68829	Undirected	4.0
-456155	80541	Undirected	4.0
-456155	-109337	Undirected	4.0
70341	-236820	Undirected	8.0
70341	-174574	Undirected	8.0
-236820	-174574	Undirected	8.0
35937	3618	Undirected	4.0
35937	93129	Undirected	4.0
35937	89280	Undirected	4.0
35937	55324	Undirected	4.0
35937	-297874	Undirected	4.0
3618	93129	Undirected	4.0
3618	89280	Undirected	4.0
3618	55324	Undirected	4.0
3618	-297874	Undirected	4.0
3618	34988	Undirected	5.0
3618	-224585	Undirected	4.0
3618	103969	Undirected	4.0
3618	117687	Undirected	4.0
3618	-244010	Undirected	4.0
3618	126697	Undirected	4.0
3618	120139	Undirected	4.0
3618	43613	Undirected	4.0
3618	-412209	Undirected	5.0
3618	-362298	Undirected	4.0
3618	75481	Undirected	4.0
3618	-504137	Undirected	4.0
3618	-116873	Undirected	4.0
3618	-140023	Undirected	6.0
3618	-435967	Undirected	4.0
3618	-533001	Undirected	4.0
3618	-545013	Undirected	4.0
3618	117283	Undirected	4.0
3618	-460230	Undirected	4.0
3618	36017	Undirected	4.0
3618	10318	Undirected	5.0
3618	-463277	Undirected	5.0
3618	-87106	Undirected	5.0
3618	-414546	Undirected	5.0
3618	-163778	Undirected	5.0
3618	-461902	Undirected	5.0
93129	89280	Undirected	4.0
93129	55324	Undirected	4.0
93129	-297874	Undirected	4.0
89280	55324	Undirected	4.0
89280	-297874	Undirected	4.0
55324	-297874	Undirected	4.0
55324	27648	Undirected	4.0
55324	26707	Undirected	4.0
71506	-372955	Undirected	4.0
71506	-81165	Undirected	4.0
71506	-117330	Undirected	4.0
71506	44380	Undirected	4.0
-372955	-81165	Undirected	4.0
-372955	-117330	Undirected	4.0
-372955	44380	Undirected	4.0
82953	8719	Undirected	4.0
82953	44380	Undirected	4.0
82953	93226	Undirected	7.0
82953	72078	Undirected	4.0
82953	-23413	Undirected	5.0
82953	125790	Undirected	4.0
82953	-398170	Undirected	4.0
82953	45812	Undirected	4.0
82953	14479	Undirected	7.0
82953	42725	Undirected	7.0
82953	27178	Undirected	4.0
82953	85552	Undirected	4.0
82953	11678	Undirected	4.0
82953	-190439	Undirected	5.0
82953	-353852	Undirected	4.0
82953	36103	Undirected	5.0
82953	-189972	Undirected	4.0
82953	-406899	Undirected	4.0
82953	-189092	Undirected	6.0
82953	10789	Undirected	6.0
82953	-401170	Undirected	6.0
82953	46239	Undirected	4.0
82953	-145946	Undirected	4.0
82953	72193	Undirected	5.0
82953	127861	Undirected	4.0
82953	-399342	Undirected	4.0
82953	9121	Undirected	5.0
82953	11579	Undirected	4.0
82953	2132	Undirected	6.0
82953	10310	Undirected	4.0
82953	12945	Undirected	5.0
82953	73642	Undirected	4.0
82953	53013	Undirected	4.0
82953	81738	Undirected	4.0
82953	-167226	Undirected	4.0
82953	46177	Undirected	6.0
82953	112671	Undirected	5.0
82953	-401501	Undirected	4.0
82953	17558	Undirected	4.0
82953	-123003	Undirected	4.0
82953	111741	Undirected	4.0
82953	273	Undirected	4.0
82953	108792	Undirected	5.0
82953	27648	Undirected	9.0
82953	98471	Undirected	6.0
82953	9602	Undirected	5.0
82953	28488	Undirected	4.0
82953	-449796	Undirected	4.0
82953	36023	Undirected	5.0
82953	115649	Undirected	4.0
82953	-391743	Undirected	6.0
82953	-373541	Undirected	4.0
82953	-157660	Undirected	4.0
82953	-113790	Undirected	4.0
82953	38217	Undirected	4.0
82953	56451	Undirected	4.0
82953	121144	Undirected	4.0
82953	-493306	Undirected	6.0
82953	-161432	Undirected	4.0
82953	37147	Undirected	4.0
82953	44683	Undirected	6.0
82953	13851	Undirected	4.0
82953	117015	Undirected	4.0
82953	-178909	Undirected	4.0
82953	101121	Undirected	4.0
82953	-188467	Undirected	4.0
82953	-107944	Undirected	4.0
82953	6586	Undirected	4.0
82953	5562	Undirected	6.0
82953	123706	Undirected	4.0
82953	82965	Undirected	5.0
82953	32169	Undirected	4.0
82953	32176	Undirected	5.0
82953	29788	Undirected	4.0
82953	-423577	Undirected	6.0
82953	-126494	Undirected	5.0
82953	44932	Undirected	5.0
82953	11031	Undirected	4.0
82953	16783	Undirected	4.0
82953	73469	Undirected	4.0
82953	91763	Undirected	4.0
82953	-250227	Undirected	6.0
82953	-240050	Undirected	4.0
82953	13096	Undirected	4.0
82953	41801	Undirected	6.0
82953	-188696	Undirected	4.0
82953	-98711	Undirected	4.0
82953	-19895	Undirected	4.0
82953	120848	Undirected	4.0
82953	-187035	Undirected	4.0
82953	48909	Undirected	4.0
82953	41099	Undirected	4.0
82953	74046	Undirected	4.0
82953	107590	Undirected	4.0
82953	9043	Undirected	5.0
82953	111427	Undirected	5.0
82953	102002	Undirected	4.0
82953	71083	Undirected	4.0
82953	27411	Undirected	5.0
82953	-79655	Undirected	4.0
82953	-107177	Undirected	4.0
82953	-159795	Undirected	4.0
82953	78648	Undirected	5.0
82953	47424	Undirected	4.0
82953	99913	Undirected	4.0
82953	-189602	Undirected	4.0
82953	54239	Undirected	5.0
82953	32006	Undirected	4.0
82953	6534	Undirected	4.0
61230	44948	Undirected	4.0
61230	-113845	Undirected	5.0
61230	37273	Undirected	4.0
61230	-399201	Undirected	5.0
61230	-262944	Undirected	4.0
61230	31821	Undirected	4.0
61230	-22878	Undirected	4.0
61230	-150653	Undirected	4.0
61230	123858	Undirected	4.0
61230	-516991	Undirected	4.0
61230	-11031	Undirected	4.0
61230	-104967	Undirected	4.0
61230	28301	Undirected	4.0
112314	5961	Undirected	4.0
112314	94414	Undirected	4.0
112314	45812	Undirected	4.0
5961	94414	Undirected	4.0
5961	72078	Undirected	4.0
5961	-187211	Undirected	6.0
5961	45812	Undirected	8.0
5961	41423	Undirected	5.0
5961	-98093	Undirected	5.0
5961	14479	Undirected	6.0
5961	41623	Undirected	5.0
5961	37889	Undirected	5.0
5961	42725	Undirected	5.0
5961	61579	Undirected	5.0
5961	127902	Undirected	5.0
5961	7937	Undirected	6.0
5961	27178	Undirected	6.0
5961	13742	Undirected	5.0
5961	38914	Undirected	5.0
5961	44576	Undirected	5.0
5961	55659	Undirected	5.0
5961	3156	Undirected	5.0
5961	127065	Undirected	5.0
5961	92400	Undirected	4.0
5961	131956	Undirected	4.0
5961	39021	Undirected	6.0
5961	94047	Undirected	6.0
5961	57154	Undirected	6.0
5961	32124	Undirected	5.0
5961	-79240	Undirected	4.0
5961	71061	Undirected	5.0
5961	46124	Undirected	5.0
5961	12558	Undirected	5.0
5961	-120149	Undirected	5.0
5961	98273	Undirected	5.0
5961	82213	Undirected	5.0
5961	26776	Undirected	5.0
5961	10789	Undirected	6.0
5961	26910	Undirected	6.0
5961	-2819	Undirected	5.0
5961	10910	Undirected	6.0
94414	45812	Undirected	4.0
44948	-113845	Undirected	4.0
44948	-399201	Undirected	4.0
44948	6602	Undirected	4.0
54467	-186246	Undirected	5.0
54467	40837	Undirected	5.0
54467	56801	Undirected	5.0
54467	2683	Undirected	6.0
54467	74254	Undirected	4.0
54467	79363	Undirected	4.0
54467	6408	Undirected	4.0
54467	38013	Undirected	4.0
54467	7979	Undirected	4.0
54467	-15786	Undirected	5.0
54467	11579	Undirected	5.0
54467	15517	Undirected	4.0
54467	21563	Undirected	5.0
54467	29273	Undirected	4.0
54467	36834	Undirected	4.0
54467	131905	Undirected	4.0
-113845	37273	Undirected	4.0
-113845	-399201	Undirected	5.0
-113845	-262944	Undirected	4.0
-113845	31821	Undirected	4.0
-113845	41239	Undirected	4.0
-113845	-22878	Undirected	4.0
-113845	-150653	Undirected	4.0
-113845	123858	Undirected	4.0
-113845	-516991	Undirected	4.0
-113845	-11031	Undirected	4.0
-113845	-104967	Undirected	4.0
-113845	28301	Undirected	5.0
-81165	-117330	Undirected	4.0
-81165	44380	Undirected	4.0
-117330	44380	Undirected	4.0
8719	44380	Undirected	5.0
8719	93226	Undirected	4.0
8719	-213257	Undirected	4.0
8719	-431372	Undirected	4.0
8719	-398170	Undirected	4.0
8719	45812	Undirected	6.0
8719	14479	Undirected	4.0
8719	-401170	Undirected	5.0
8719	41460	Undirected	4.0
44380	93226	Undirected	4.0
44380	72078	Undirected	4.0
44380	45812	Undirected	5.0
44380	14479	Undirected	4.0
44380	42725	Undirected	4.0
44380	10789	Undirected	4.0
93226	72078	Undirected	4.0
93226	-23413	Undirected	5.0
93226	14479	Undirected	5.0
93226	42725	Undirected	5.0
93226	36103	Undirected	4.0
93226	-189972	Undirected	4.0
93226	-406899	Undirected	4.0
93226	-189092	Undirected	4.0
93226	10789	Undirected	5.0
93226	72193	Undirected	4.0
93226	46177	Undirected	4.0
93226	112671	Undirected	4.0
93226	27648	Undirected	5.0
93226	44683	Undirected	4.0
93226	5562	Undirected	4.0
93226	-423577	Undirected	4.0
93226	-250227	Undirected	4.0
93226	41801	Undirected	4.0
93226	78648	Undirected	4.0
93226	54239	Undirected	4.0
37273	-399201	Undirected	4.0
72078	14479	Undirected	4.0
72078	27178	Undirected	4.0
72078	85552	Undirected	4.0
72078	11076	Undirected	4.0
72078	113728	Undirected	4.0
72078	10789	Undirected	4.0
72078	26910	Undirected	4.0
72078	10910	Undirected	4.0
-200617	73642	Undirected	4.0
-200617	53013	Undirected	4.0
-200617	81738	Undirected	4.0
-200617	-167226	Undirected	4.0
-23413	14479	Undirected	5.0
-23413	-189972	Undirected	4.0
-23413	-406899	Undirected	4.0
-23413	10789	Undirected	5.0
-23413	21343	Undirected	4.0
-23413	72193	Undirected	4.0
-23413	46177	Undirected	4.0
-23413	112671	Undirected	4.0
-23413	27648	Undirected	4.0
-23413	9602	Undirected	4.0
-23413	5562	Undirected	4.0
-23413	-423577	Undirected	4.0
-23413	-250227	Undirected	4.0
-23413	41801	Undirected	4.0
-23413	78648	Undirected	5.0
-23413	54239	Undirected	4.0
-187211	45812	Undirected	7.0
-187211	41423	Undirected	4.0
-187211	-98093	Undirected	4.0
-187211	14479	Undirected	4.0
-187211	41623	Undirected	4.0
-187211	37889	Undirected	4.0
-187211	42725	Undirected	5.0
-187211	61579	Undirected	5.0
-187211	127902	Undirected	5.0
-187211	7937	Undirected	6.0
-187211	27178	Undirected	6.0
-187211	13742	Undirected	5.0
-187211	38914	Undirected	5.0
-187211	44576	Undirected	5.0
-187211	55659	Undirected	5.0
-187211	3156	Undirected	5.0
-187211	127065	Undirected	5.0
-187211	39021	Undirected	5.0
-187211	94047	Undirected	5.0
-187211	57154	Undirected	5.0
-187211	32124	Undirected	6.0
-187211	71061	Undirected	5.0
-187211	46124	Undirected	5.0
-187211	12558	Undirected	5.0
-187211	-120149	Undirected	5.0
-187211	98273	Undirected	5.0
-187211	82213	Undirected	5.0
-187211	26776	Undirected	5.0
-187211	10789	Undirected	5.0
-187211	26910	Undirected	5.0
-187211	-2819	Undirected	5.0
-187211	10910	Undirected	5.0
-399201	-262944	Undirected	4.0
-399201	31821	Undirected	4.0
-399201	-22878	Undirected	4.0
-399201	-150653	Undirected	4.0
-399201	123858	Undirected	4.0
-399201	-516991	Undirected	4.0
-399201	-11031	Undirected	4.0
-399201	-104967	Undirected	4.0
-399201	28301	Undirected	4.0
-186246	40837	Undirected	5.0
-186246	56801	Undirected	5.0
-186246	2683	Undirected	4.0
-186246	74254	Undirected	4.0
-186246	79363	Undirected	4.0
-186246	6408	Undirected	4.0
-186246	38013	Undirected	4.0
-186246	7979	Undirected	4.0
-186246	-15786	Undirected	4.0
-186246	11579	Undirected	4.0
-186246	15517	Undirected	4.0
-186246	21563	Undirected	4.0
-186246	29273	Undirected	4.0
-186246	36834	Undirected	4.0
-186246	131905	Undirected	4.0
40837	56801	Undirected	5.0
40837	2683	Undirected	4.0
40837	74254	Undirected	4.0
40837	79363	Undirected	4.0
40837	6408	Undirected	4.0
40837	38013	Undirected	4.0
40837	7979	Undirected	4.0
40837	-15786	Undirected	4.0
40837	11579	Undirected	4.0
40837	15517	Undirected	4.0
40837	21563	Undirected	4.0
40837	29273	Undirected	4.0
40837	36834	Undirected	4.0
40837	131905	Undirected	4.0
-111569	45812	Undirected	4.0
56801	2683	Undirected	4.0
56801	74254	Undirected	4.0
56801	79363	Undirected	4.0
56801	6408	Undirected	4.0
56801	38013	Undirected	4.0
56801	7979	Undirected	4.0
56801	-15786	Undirected	4.0
56801	11579	Undirected	4.0
56801	15517	Undirected	4.0
56801	21563	Undirected	4.0
56801	29273	Undirected	4.0
56801	36834	Undirected	4.0
56801	131905	Undirected	4.0
-213257	-431372	Undirected	5.0
-213257	-398170	Undirected	5.0
-213257	45812	Undirected	5.0
-431372	-398170	Undirected	5.0
-431372	45812	Undirected	5.0
-398170	45812	Undirected	7.0
45812	41423	Undirected	7.0
45812	-98093	Undirected	7.0
45812	14479	Undirected	7.0
45812	41623	Undirected	7.0
45812	37889	Undirected	7.0
45812	42725	Undirected	6.0
45812	61579	Undirected	5.0
45812	127902	Undirected	5.0
45812	24451	Undirected	4.0
45812	7937	Undirected	8.0
45812	27178	Undirected	7.0
45812	85552	Undirected	4.0
45812	13742	Undirected	5.0
45812	38914	Undirected	5.0
45812	44576	Undirected	5.0
45812	55659	Undirected	5.0
45812	3156	Undirected	5.0
45812	127065	Undirected	5.0
45812	-190439	Undirected	4.0
45812	92400	Undirected	4.0
45812	131956	Undirected	4.0
45812	39021	Undirected	6.0
45812	94047	Undirected	6.0
45812	57154	Undirected	6.0
45812	61236	Undirected	4.0
45812	-353852	Undirected	4.0
45812	32124	Undirected	7.0
45812	-447980	Undirected	4.0
45812	73824	Undirected	5.0
45812	-79240	Undirected	5.0
45812	71061	Undirected	5.0
45812	46124	Undirected	5.0
45812	12558	Undirected	5.0
45812	-120149	Undirected	5.0
45812	98273	Undirected	5.0
45812	82213	Undirected	5.0
45812	26776	Undirected	5.0
45812	10789	Undirected	7.0
45812	26910	Undirected	5.0
45812	-2819	Undirected	5.0
45812	10910	Undirected	5.0
45812	-401170	Undirected	4.0
45812	41984	Undirected	5.0
45812	-212193	Undirected	5.0
45812	10276	Undirected	4.0
45812	55720	Undirected	4.0
45812	-516970	Undirected	4.0
41423	-98093	Undirected	7.0
41423	14479	Undirected	7.0
41423	41623	Undirected	7.0
41423	37889	Undirected	7.0
41423	42725	Undirected	4.0
41423	61579	Undirected	4.0
41423	127902	Undirected	4.0
41423	7937	Undirected	5.0
41423	27178	Undirected	4.0
41423	13742	Undirected	4.0
41423	38914	Undirected	4.0
41423	44576	Undirected	4.0
41423	55659	Undirected	4.0
41423	3156	Undirected	4.0
41423	127065	Undirected	4.0
41423	92400	Undirected	4.0
41423	131956	Undirected	4.0
41423	39021	Undirected	5.0
41423	94047	Undirected	5.0
41423	57154	Undirected	5.0
41423	32124	Undirected	4.0
41423	73824	Undirected	4.0
41423	71061	Undirected	4.0
41423	46124	Undirected	4.0
41423	12558	Undirected	4.0
41423	-120149	Undirected	4.0
41423	98273	Undirected	4.0
41423	82213	Undirected	4.0
41423	26776	Undirected	4.0
41423	10789	Undirected	5.0
41423	26910	Undirected	4.0
41423	-2819	Undirected	4.0
41423	10910	Undirected	4.0
41423	10276	Undirected	4.0
41423	55720	Undirected	4.0
41423	-516970	Undirected	4.0
-98093	14479	Undirected	7.0
-98093	41623	Undirected	7.0
-98093	37889	Undirected	7.0
-98093	42725	Undirected	4.0
-98093	61579	Undirected	4.0
-98093	127902	Undirected	4.0
-98093	7937	Undirected	5.0
-98093	27178	Undirected	4.0
-98093	13742	Undirected	4.0
-98093	38914	Undirected	4.0
-98093	44576	Undirected	4.0
-98093	55659	Undirected	4.0
-98093	3156	Undirected	4.0
-98093	127065	Undirected	4.0
-98093	92400	Undirected	4.0
-98093	131956	Undirected	4.0
-98093	39021	Undirected	5.0
-98093	94047	Undirected	5.0
-98093	57154	Undirected	5.0
-98093	32124	Undirected	4.0
-98093	73824	Undirected	4.0
-98093	71061	Undirected	4.0
-98093	46124	Undirected	4.0
-98093	12558	Undirected	4.0
-98093	-120149	Undirected	4.0
-98093	98273	Undirected	4.0
-98093	82213	Undirected	4.0
-98093	26776	Undirected	4.0
-98093	10789	Undirected	5.0
-98093	26910	Undirected	4.0
-98093	-2819	Undirected	4.0
-98093	10910	Undirected	4.0
-98093	10276	Undirected	4.0
-98093	55720	Undirected	4.0
-98093	-516970	Undirected	4.0
14479	41623	Undirected	7.0
14479	37889	Undirected	7.0
14479	42725	Undirected	8.0
14479	61579	Undirected	4.0
14479	127902	Undirected	4.0
14479	7937	Undirected	5.0
14479	27178	Undirected	6.0
14479	85552	Undirected	4.0
14479	13742	Undirected	4.0
14479	38914	Undirected	4.0
14479	44576	Undirected	4.0
14479	55659	Undirected	4.0
14479	3156	Undirected	4.0
14479	127065	Undirected	4.0
14479	11678	Undirected	5.0
14479	-190439	Undirected	5.0
14479	92400	Undirected	4.0
14479	131956	Undirected	4.0
14479	39021	Undirected	5.0
14479	94047	Undirected	6.0
14479	57154	Undirected	6.0
14479	11076	Undirected	4.0
14479	113728	Undirected	4.0
14479	32124	Undirected	4.0
14479	73824	Undirected	4.0
14479	71061	Undirected	4.0
14479	44789	Undirected	4.0
14479	40202	Undirected	4.0
14479	21422	Undirected	4.0
14479	36103	Undirected	5.0
14479	-189972	Undirected	6.0
14479	-406899	Undirected	6.0
14479	6372	Undirected	4.0
14479	46124	Undirected	4.0
14479	-189092	Undirected	6.0
14479	12558	Undirected	4.0
14479	-120149	Undirected	4.0
14479	98273	Undirected	4.0
14479	82213	Undirected	4.0
14479	26776	Undirected	4.0
14479	10789	Undirected	9.0
14479	26910	Undirected	6.0
14479	-2819	Undirected	4.0
14479	10910	Undirected	6.0
14479	-401170	Undirected	5.0
14479	45006	Undirected	4.0
14479	21343	Undirected	4.0
14479	46239	Undirected	4.0
14479	-145946	Undirected	4.0
14479	72193	Undirected	5.0
14479	11579	Undirected	5.0
14479	10310	Undirected	4.0
14479	12945	Undirected	5.0
14479	73642	Undirected	4.0
14479	53013	Undirected	4.0
14479	81738	Undirected	4.0
14479	-167226	Undirected	4.0
14479	46177	Undirected	6.0
14479	112671	Undirected	5.0
14479	-401501	Undirected	4.0
14479	29260	Undirected	4.0
14479	102074	Undirected	4.0
14479	17558	Undirected	4.0
14479	-123003	Undirected	4.0
14479	111741	Undirected	4.0
14479	273	Undirected	4.0
14479	108792	Undirected	5.0
14479	27648	Undirected	5.0
14479	-117640	Undirected	4.0
14479	98471	Undirected	4.0
14479	9602	Undirected	6.0
14479	28488	Undirected	5.0
14479	-449796	Undirected	4.0
14479	36023	Undirected	4.0
14479	10276	Undirected	4.0
14479	55720	Undirected	4.0
14479	-516970	Undirected	4.0
14479	13805	Undirected	4.0
14479	13851	Undirected	4.0
14479	117015	Undirected	4.0
14479	-178909	Undirected	4.0
14479	101121	Undirected	4.0
14479	-188467	Undirected	4.0
14479	-107944	Undirected	4.0
14479	6586	Undirected	4.0
14479	5562	Undirected	6.0
14479	123706	Undirected	4.0
14479	82965	Undirected	5.0
14479	32169	Undirected	4.0
14479	32176	Undirected	5.0
14479	29788	Undirected	4.0
14479	-423577	Undirected	6.0
14479	-126494	Undirected	4.0
14479	44932	Undirected	4.0
14479	11031	Undirected	4.0
14479	16783	Undirected	4.0
14479	73469	Undirected	4.0
14479	91763	Undirected	4.0
14479	-250227	Undirected	6.0
14479	-240050	Undirected	4.0
14479	13096	Undirected	4.0
14479	41801	Undirected	6.0
14479	-188696	Undirected	4.0
14479	-98711	Undirected	4.0
14479	-19895	Undirected	4.0
14479	120848	Undirected	4.0
14479	-187035	Undirected	4.0
14479	48909	Undirected	7.0
14479	41099	Undirected	4.0
14479	74046	Undirected	4.0
14479	107590	Undirected	4.0
14479	9043	Undirected	4.0
14479	111427	Undirected	4.0
14479	102002	Undirected	4.0
14479	27411	Undirected	4.0
14479	78648	Undirected	5.0
14479	47424	Undirected	4.0
14479	99913	Undirected	4.0
14479	-189602	Undirected	4.0
14479	54239	Undirected	5.0
14479	32006	Undirected	4.0
14479	6534	Undirected	4.0
41623	37889	Undirected	7.0
41623	42725	Undirected	5.0
41623	61579	Undirected	4.0
41623	127902	Undirected	4.0
41623	7937	Undirected	5.0
41623	27178	Undirected	4.0
41623	13742	Undirected	4.0
41623	38914	Undirected	4.0
41623	44576	Undirected	4.0
41623	55659	Undirected	4.0
41623	3156	Undirected	4.0
41623	127065	Undirected	4.0
41623	-190439	Undirected	4.0
41623	92400	Undirected	4.0
41623	131956	Undirected	4.0
41623	39021	Undirected	5.0
41623	94047	Undirected	5.0
41623	57154	Undirected	5.0
41623	32124	Undirected	4.0
41623	73824	Undirected	4.0
41623	71061	Undirected	4.0
41623	46124	Undirected	4.0
41623	12558	Undirected	4.0
41623	-120149	Undirected	4.0
41623	98273	Undirected	4.0
41623	82213	Undirected	4.0
41623	26776	Undirected	4.0
41623	10789	Undirected	5.0
41623	26910	Undirected	4.0
41623	-2819	Undirected	4.0
41623	10910	Undirected	4.0
41623	-401170	Undirected	4.0
41623	10276	Undirected	4.0
41623	55720	Undirected	4.0
41623	-516970	Undirected	4.0
37889	42725	Undirected	4.0
37889	61579	Undirected	4.0
37889	127902	Undirected	4.0
37889	7937	Undirected	5.0
37889	27178	Undirected	4.0
37889	13742	Undirected	4.0
37889	38914	Undirected	4.0
37889	44576	Undirected	4.0
37889	55659	Undirected	4.0
37889	3156	Undirected	4.0
37889	127065	Undirected	4.0
37889	92400	Undirected	4.0
37889	131956	Undirected	4.0
37889	39021	Undirected	5.0
37889	94047	Undirected	5.0
37889	57154	Undirected	5.0
37889	32124	Undirected	4.0
37889	73824	Undirected	4.0
37889	71061	Undirected	4.0
37889	46124	Undirected	4.0
37889	12558	Undirected	4.0
37889	-120149	Undirected	4.0
37889	98273	Undirected	4.0
37889	82213	Undirected	4.0
37889	26776	Undirected	4.0
37889	10789	Undirected	5.0
37889	26910	Undirected	4.0
37889	-2819	Undirected	4.0
37889	10910	Undirected	4.0
37889	10276	Undirected	4.0
37889	55720	Undirected	4.0
37889	-516970	Undirected	4.0
42725	61579	Undirected	5.0
42725	127902	Undirected	6.0
42725	7937	Undirected	5.0
42725	27178	Undirected	6.0
42725	13742	Undirected	5.0
42725	38914	Undirected	5.0
42725	44576	Undirected	5.0
42725	55659	Undirected	5.0
42725	3156	Undirected	5.0
42725	127065	Undirected	5.0
42725	11678	Undirected	5.0
42725	-190439	Undirected	6.0
42725	39021	Undirected	5.0
42725	94047	Undirected	6.0
42725	57154	Undirected	6.0
42725	10364	Undirected	5.0
42725	11076	Undirected	4.0
42725	113728	Undirected	4.0
42725	-353852	Undirected	4.0
42725	32124	Undirected	5.0
42725	54286	Undirected	4.0
42725	71061	Undirected	5.0
42725	36103	Undirected	4.0
42725	-189972	Undirected	4.0
42725	-406899	Undirected	4.0
42725	6372	Undirected	4.0
42725	46124	Undirected	5.0
42725	-189092	Undirected	5.0
42725	12558	Undirected	5.0
42725	-120149	Undirected	5.0
42725	98273	Undirected	5.0
42725	82213	Undirected	5.0
42725	26776	Undirected	5.0
42725	10789	Undirected	8.0
42725	26910	Undirected	6.0
42725	-2819	Undirected	5.0
42725	10910	Undirected	6.0
42725	-401170	Undirected	4.0
42725	72193	Undirected	4.0
42725	9121	Undirected	4.0
42725	11579	Undirected	4.0
42725	46177	Undirected	4.0
42725	44685	Undirected	4.0
42725	112671	Undirected	4.0
42725	102074	Undirected	4.0
42725	-366390	Undirected	4.0
42725	17558	Undirected	4.0
42725	111741	Undirected	4.0
42725	27648	Undirected	6.0
42725	98471	Undirected	4.0
42725	9602	Undirected	5.0
42725	28488	Undirected	4.0
42725	-449796	Undirected	4.0
42725	36023	Undirected	4.0
42725	-257263	Undirected	4.0
42725	-493306	Undirected	4.0
42725	44683	Undirected	4.0
42725	5562	Undirected	4.0
42725	82965	Undirected	4.0
42725	-423577	Undirected	4.0
42725	44932	Undirected	4.0
42725	-250227	Undirected	4.0
42725	-240050	Undirected	4.0
42725	13096	Undirected	4.0
42725	41801	Undirected	4.0
42725	48909	Undirected	4.0
42725	9043	Undirected	4.0
42725	111427	Undirected	4.0
42725	27411	Undirected	4.0
42725	-159795	Undirected	4.0
42725	50582	Undirected	4.0
42725	-88630	Undirected	4.0
42725	54239	Undirected	4.0
42725	17757	Undirected	4.0
42725	-165020	Undirected	4.0
42725	-490603	Undirected	4.0
42725	6534	Undirected	4.0
61579	127902	Undirected	5.0
61579	7937	Undirected	5.0
61579	27178	Undirected	5.0
61579	13742	Undirected	5.0
61579	38914	Undirected	5.0
61579	44576	Undirected	5.0
61579	55659	Undirected	5.0
61579	3156	Undirected	5.0
61579	127065	Undirected	5.0
61579	39021	Undirected	5.0
61579	94047	Undirected	5.0
61579	57154	Undirected	5.0
61579	32124	Undirected	5.0
61579	71061	Undirected	5.0
61579	46124	Undirected	5.0
61579	12558	Undirected	5.0
61579	-120149	Undirected	5.0
61579	98273	Undirected	5.0
61579	82213	Undirected	5.0
61579	26776	Undirected	5.0
61579	10789	Undirected	5.0
61579	26910	Undirected	5.0
61579	-2819	Undirected	5.0
61579	10910	Undirected	5.0
127902	7937	Undirected	5.0
127902	27178	Undirected	5.0
127902	13742	Undirected	5.0
127902	38914	Undirected	5.0
127902	44576	Undirected	5.0
127902	55659	Undirected	5.0
127902	3156	Undirected	5.0
127902	127065	Undirected	5.0
127902	39021	Undirected	5.0
127902	94047	Undirected	5.0
127902	57154	Undirected	5.0
127902	32124	Undirected	5.0
127902	71061	Undirected	5.0
127902	46124	Undirected	5.0
127902	12558	Undirected	5.0
127902	-120149	Undirected	5.0
127902	98273	Undirected	5.0
127902	82213	Undirected	5.0
127902	26776	Undirected	5.0
127902	10789	Undirected	5.0
127902	26910	Undirected	5.0
127902	-2819	Undirected	5.0
127902	10910	Undirected	5.0
24451	7937	Undirected	5.0
24451	27178	Undirected	5.0
24451	85552	Undirected	5.0
24451	-190439	Undirected	4.0
24451	10364	Undirected	4.0
24451	61236	Undirected	4.0
24451	-353852	Undirected	5.0
24451	32124	Undirected	5.0
24451	10789	Undirected	4.0
7937	27178	Undirected	8.0
7937	85552	Undirected	5.0
7937	13742	Undirected	5.0
7937	38914	Undirected	5.0
7937	44576	Undirected	5.0
7937	55659	Undirected	5.0
7937	3156	Undirected	5.0
7937	127065	Undirected	5.0
7937	-190439	Undirected	5.0
7937	92400	Undirected	4.0
7937	131956	Undirected	4.0
7937	39021	Undirected	6.0
7937	94047	Undirected	6.0
7937	57154	Undirected	6.0
7937	10364	Undirected	4.0
7937	61236	Undirected	5.0
7937	-353852	Undirected	5.0
7937	32124	Undirected	8.0
7937	-447980	Undirected	4.0
7937	71061	Undirected	5.0
7937	46124	Undirected	5.0
7937	12558	Undirected	5.0
7937	-120149	Undirected	5.0
7937	98273	Undirected	5.0
7937	82213	Undirected	5.0
7937	26776	Undirected	5.0
7937	10789	Undirected	7.0
7937	26910	Undirected	5.0
7937	-2819	Undirected	5.0
7937	10910	Undirected	5.0
27178	85552	Undirected	7.0
27178	13742	Undirected	5.0
27178	38914	Undirected	5.0
27178	44576	Undirected	5.0
27178	55659	Undirected	5.0
27178	3156	Undirected	5.0
27178	127065	Undirected	5.0
27178	-190439	Undirected	5.0
27178	39021	Undirected	5.0
27178	94047	Undirected	5.0
27178	57154	Undirected	5.0
27178	10364	Undirected	5.0
27178	11076	Undirected	4.0
27178	113728	Undirected	4.0
27178	61236	Undirected	4.0
27178	-353852	Undirected	5.0
27178	32124	Undirected	8.0
27178	71061	Undirected	5.0
27178	44789	Undirected	4.0
27178	40202	Undirected	4.0
27178	21422	Undirected	4.0
27178	46124	Undirected	5.0
27178	12558	Undirected	5.0
27178	-120149	Undirected	5.0
27178	98273	Undirected	5.0
27178	82213	Undirected	5.0
27178	26776	Undirected	5.0
27178	10789	Undirected	9.0
27178	26910	Undirected	7.0
27178	-2819	Undirected	5.0
27178	10910	Undirected	7.0
27178	-419368	Undirected	4.0
27178	90652	Undirected	4.0
27178	-110111	Undirected	4.0
85552	-190439	Undirected	4.0
85552	10364	Undirected	5.0
85552	11076	Undirected	4.0
85552	113728	Undirected	4.0
85552	61236	Undirected	4.0
85552	-353852	Undirected	5.0
85552	32124	Undirected	5.0
85552	10789	Undirected	6.0
85552	26910	Undirected	4.0
85552	10910	Undirected	4.0
85552	90652	Undirected	4.0
85552	-110111	Undirected	4.0
49768	44789	Undirected	4.0
13742	38914	Undirected	5.0
13742	44576	Undirected	5.0
13742	55659	Undirected	5.0
13742	3156	Undirected	5.0
13742	127065	Undirected	5.0
13742	39021	Undirected	5.0
13742	94047	Undirected	5.0
13742	57154	Undirected	5.0
13742	32124	Undirected	5.0
13742	71061	Undirected	5.0
13742	46124	Undirected	5.0
13742	12558	Undirected	5.0
13742	-120149	Undirected	5.0
13742	98273	Undirected	5.0
13742	82213	Undirected	5.0
13742	26776	Undirected	5.0
13742	10789	Undirected	5.0
13742	26910	Undirected	5.0
13742	-2819	Undirected	5.0
13742	10910	Undirected	5.0
38914	44576	Undirected	5.0
38914	55659	Undirected	5.0
38914	3156	Undirected	5.0
38914	127065	Undirected	5.0
38914	39021	Undirected	5.0
38914	94047	Undirected	5.0
38914	57154	Undirected	5.0
38914	32124	Undirected	5.0
38914	71061	Undirected	5.0
38914	46124	Undirected	5.0
38914	12558	Undirected	5.0
38914	-120149	Undirected	5.0
38914	98273	Undirected	5.0
38914	82213	Undirected	5.0
38914	26776	Undirected	5.0
38914	10789	Undirected	5.0
38914	26910	Undirected	5.0
38914	-2819	Undirected	5.0
38914	10910	Undirected	5.0
44576	55659	Undirected	5.0
44576	3156	Undirected	5.0
44576	127065	Undirected	5.0
44576	39021	Undirected	5.0
44576	94047	Undirected	5.0
44576	57154	Undirected	5.0
44576	32124	Undirected	5.0
44576	71061	Undirected	5.0
44576	46124	Undirected	5.0
44576	12558	Undirected	5.0
44576	-120149	Undirected	5.0
44576	98273	Undirected	5.0
44576	82213	Undirected	5.0
44576	26776	Undirected	5.0
44576	10789	Undirected	5.0
44576	26910	Undirected	5.0
44576	-2819	Undirected	5.0
44576	10910	Undirected	5.0
55659	3156	Undirected	5.0
55659	127065	Undirected	5.0
55659	39021	Undirected	5.0
55659	94047	Undirected	5.0
55659	57154	Undirected	5.0
55659	32124	Undirected	5.0
55659	71061	Undirected	5.0
55659	46124	Undirected	5.0
55659	12558	Undirected	5.0
55659	-120149	Undirected	5.0
55659	98273	Undirected	5.0
55659	82213	Undirected	5.0
55659	26776	Undirected	5.0
55659	10789	Undirected	5.0
55659	26910	Undirected	5.0
55659	-2819	Undirected	5.0
55659	10910	Undirected	5.0
3156	127065	Undirected	5.0
3156	39021	Undirected	5.0
3156	94047	Undirected	5.0
3156	57154	Undirected	5.0
3156	32124	Undirected	5.0
3156	71061	Undirected	5.0
3156	46124	Undirected	5.0
3156	12558	Undirected	5.0
3156	-120149	Undirected	5.0
3156	98273	Undirected	5.0
3156	82213	Undirected	5.0
3156	26776	Undirected	5.0
3156	10789	Undirected	5.0
3156	26910	Undirected	5.0
3156	-2819	Undirected	5.0
3156	10910	Undirected	5.0
127065	39021	Undirected	5.0
127065	94047	Undirected	5.0
127065	57154	Undirected	5.0
127065	32124	Undirected	5.0
127065	71061	Undirected	5.0
127065	46124	Undirected	5.0
127065	12558	Undirected	5.0
127065	-120149	Undirected	5.0
127065	98273	Undirected	5.0
127065	82213	Undirected	5.0
127065	26776	Undirected	5.0
127065	10789	Undirected	5.0
127065	26910	Undirected	5.0
127065	-2819	Undirected	5.0
127065	10910	Undirected	5.0
11678	-189092	Undirected	4.0
-190439	94047	Undirected	4.0
-190439	57154	Undirected	4.0
-190439	10364	Undirected	4.0
-190439	-353852	Undirected	6.0
-190439	32124	Undirected	5.0
-190439	6372	Undirected	4.0
-190439	10789	Undirected	6.0
-190439	-401170	Undirected	4.0
-190439	44685	Undirected	4.0
-190439	27648	Undirected	4.0
-190439	9602	Undirected	4.0
92400	131956	Undirected	4.0
92400	39021	Undirected	4.0
92400	94047	Undirected	4.0
92400	57154	Undirected	4.0
131956	39021	Undirected	4.0
131956	94047	Undirected	4.0
131956	57154	Undirected	4.0
39021	94047	Undirected	6.0
39021	57154	Undirected	6.0
39021	32124	Undirected	5.0
39021	71061	Undirected	5.0
39021	46124	Undirected	5.0
39021	12558	Undirected	5.0
39021	-120149	Undirected	5.0
39021	98273	Undirected	5.0
39021	82213	Undirected	5.0
39021	26776	Undirected	5.0
39021	10789	Undirected	5.0
39021	26910	Undirected	5.0
39021	-2819	Undirected	5.0
39021	10910	Undirected	5.0
94047	57154	Undirected	7.0
94047	32124	Undirected	5.0
94047	71061	Undirected	5.0
94047	46124	Undirected	5.0
94047	12558	Undirected	5.0
94047	-120149	Undirected	5.0
94047	98273	Undirected	5.0
94047	82213	Undirected	5.0
94047	26776	Undirected	5.0
94047	10789	Undirected	6.0
94047	26910	Undirected	5.0
94047	-2819	Undirected	5.0
94047	10910	Undirected	5.0
57154	32124	Undirected	5.0
57154	71061	Undirected	5.0
57154	46124	Undirected	5.0
57154	12558	Undirected	5.0
57154	-120149	Undirected	5.0
57154	98273	Undirected	5.0
57154	82213	Undirected	5.0
57154	26776	Undirected	5.0
57154	10789	Undirected	6.0
57154	26910	Undirected	5.0
57154	-2819	Undirected	5.0
57154	10910	Undirected	5.0
10364	11076	Undirected	4.0
10364	113728	Undirected	4.0
10364	-353852	Undirected	4.0
10364	32124	Undirected	4.0
10364	10789	Undirected	5.0
11076	113728	Undirected	5.0
11076	10789	Undirected	4.0
11076	26910	Undirected	4.0
11076	10910	Undirected	4.0
113728	54286	Undirected	4.0
113728	44789	Undirected	4.0
113728	10789	Undirected	4.0
113728	26910	Undirected	4.0
113728	10910	Undirected	4.0
113728	14032	Undirected	4.0
113728	45006	Undirected	4.0
113728	107644	Undirected	4.0
113728	-395356	Undirected	4.0
113728	49479	Undirected	4.0
113728	-176067	Undirected	4.0
113728	107959	Undirected	4.0
113728	68680	Undirected	4.0
-412242	-87745	Undirected	4.0
-412242	44789	Undirected	4.0
-87745	44789	Undirected	5.0
61236	-353852	Undirected	4.0
61236	32124	Undirected	4.0
61236	-447980	Undirected	4.0
-353852	32124	Undirected	5.0
-353852	10789	Undirected	4.0
-353852	-401170	Undirected	4.0
32124	71061	Undirected	5.0
32124	46124	Undirected	5.0
32124	12558	Undirected	5.0
32124	-120149	Undirected	5.0
32124	98273	Undirected	5.0
32124	82213	Undirected	5.0
32124	26776	Undirected	5.0
32124	10789	Undirected	7.0
32124	26910	Undirected	5.0
32124	-2819	Undirected	5.0
32124	10910	Undirected	5.0
-447980	-401170	Undirected	4.0
10590	82896	Undirected	4.0
10590	44789	Undirected	4.0
82896	44789	Undirected	4.0
54286	92683	Undirected	4.0
54286	14032	Undirected	4.0
54286	9121	Undirected	4.0
54286	37119	Undirected	4.0
92683	21422	Undirected	4.0
73824	-79240	Undirected	6.0
73824	10789	Undirected	4.0
73824	41984	Undirected	4.0
73824	46920	Undirected	4.0
73824	-468187	Undirected	4.0
-79240	41984	Undirected	5.0
-79240	-212193	Undirected	5.0
-79240	-188882	Undirected	5.0
-79240	75573	Undirected	5.0
-79240	-80458	Undirected	5.0
-79240	7223	Undirected	5.0
-79240	41455	Undirected	5.0
-79240	56821	Undirected	5.0
71061	46124	Undirected	5.0
71061	12558	Undirected	5.0
71061	-120149	Undirected	5.0
71061	98273	Undirected	5.0
71061	82213	Undirected	5.0
71061	26776	Undirected	5.0
71061	10789	Undirected	5.0
71061	26910	Undirected	5.0
71061	-2819	Undirected	5.0
71061	10910	Undirected	5.0
44789	40202	Undirected	4.0
44789	21422	Undirected	4.0
44789	10789	Undirected	4.0
44789	26910	Undirected	4.0
44789	10910	Undirected	4.0
44789	45006	Undirected	5.0
44789	-11497	Undirected	4.0
40202	21422	Undirected	5.0
40202	10789	Undirected	4.0
40202	26910	Undirected	4.0
40202	10910	Undirected	4.0
21422	10789	Undirected	4.0
21422	26910	Undirected	4.0
21422	10910	Undirected	4.0
21422	-401501	Undirected	4.0
82960	97323	Undirected	4.0
82960	8919	Undirected	4.0
82960	36103	Undirected	4.0
82960	-254854	Undirected	4.0
82960	6475	Undirected	4.0
82960	44916	Undirected	4.0
82960	-108315	Undirected	4.0
82960	14540	Undirected	5.0
82960	115831	Undirected	4.0
82960	-93913	Undirected	4.0
82960	-90293	Undirected	4.0
82960	-415585	Undirected	4.0
97323	8919	Undirected	4.0
97323	36103	Undirected	4.0
97323	-254854	Undirected	4.0
97323	6475	Undirected	6.0
97323	44916	Undirected	4.0
97323	-108315	Undirected	4.0
97323	14540	Undirected	5.0
97323	115831	Undirected	4.0
97323	-93913	Undirected	4.0
97323	-90293	Undirected	4.0
97323	-415585	Undirected	5.0
97323	-94516	Undirected	5.0
97323	94773	Undirected	5.0
97323	7492	Undirected	4.0
97323	46217	Undirected	4.0
97323	-486867	Undirected	6.0
97323	-188962	Undirected	5.0
97323	46128	Undirected	4.0
97323	8465	Undirected	4.0
97323	50579	Undirected	4.0
97323	13368	Undirected	4.0
97323	16880	Undirected	4.0
97323	4553	Undirected	4.0
97323	94859	Undirected	5.0
97323	123469	Undirected	5.0
97323	-120856	Undirected	6.0
97323	43826	Undirected	5.0
97323	-468308	Undirected	7.0
97323	86737	Undirected	4.0
97323	-462639	Undirected	4.0
97323	5587	Undirected	4.0
97323	18960	Undirected	4.0
97323	-120053	Undirected	4.0
8919	36103	Undirected	4.0
8919	-254854	Undirected	4.0
8919	6475	Undirected	4.0
8919	44916	Undirected	4.0
8919	-108315	Undirected	4.0
8919	14540	Undirected	4.0
8919	115831	Undirected	4.0
8919	-93913	Undirected	4.0
8919	-90293	Undirected	4.0
8919	-415585	Undirected	4.0
36103	-254854	Undirected	4.0
36103	6475	Undirected	4.0
36103	44916	Undirected	6.0
36103	-108315	Undirected	4.0
36103	14540	Undirected	4.0
36103	115831	Undirected	4.0
36103	-93913	Undirected	6.0
36103	-90293	Undirected	4.0
36103	-415585	Undirected	6.0
36103	-189972	Undirected	4.0
36103	-406899	Undirected	4.0
36103	-189092	Undirected	4.0
36103	10789	Undirected	4.0
36103	11579	Undirected	4.0
36103	12945	Undirected	5.0
36103	46177	Undirected	4.0
36103	112671	Undirected	4.0
36103	61977	Undirected	4.0
36103	72554	Undirected	4.0
36103	87566	Undirected	4.0
36103	37796	Undirected	4.0
36103	27204	Undirected	4.0
36103	-295071	Undirected	4.0
36103	27648	Undirected	5.0
36103	-117640	Undirected	5.0
36103	9602	Undirected	4.0
36103	5562	Undirected	4.0
36103	32176	Undirected	4.0
36103	-423577	Undirected	4.0
36103	-250227	Undirected	4.0
36103	-240050	Undirected	4.0
36103	13096	Undirected	4.0
36103	41801	Undirected	4.0
36103	-188696	Undirected	4.0
36103	48909	Undirected	4.0
36103	41099	Undirected	4.0
36103	102002	Undirected	5.0
36103	-453496	Undirected	4.0
36103	-3143	Undirected	5.0
36103	28387	Undirected	4.0
36103	125768	Undirected	4.0
36103	125098	Undirected	4.0
36103	-253734	Undirected	4.0
36103	24398	Undirected	4.0
36103	43874	Undirected	4.0
36103	110100	Undirected	4.0
36103	-466014	Undirected	4.0
36103	99913	Undirected	4.0
36103	-189602	Undirected	5.0
36103	54239	Undirected	4.0
36103	83313	Undirected	4.0
36103	-258685	Undirected	4.0
36103	-165020	Undirected	4.0
36103	12133	Undirected	4.0
36103	32006	Undirected	4.0
36103	6534	Undirected	4.0
36103	-462639	Undirected	4.0
-254854	6475	Undirected	4.0
-254854	44916	Undirected	4.0
-254854	-108315	Undirected	4.0
-254854	14540	Undirected	4.0
-254854	115831	Undirected	4.0
-254854	-93913	Undirected	4.0
-254854	-90293	Undirected	4.0
-254854	-415585	Undirected	4.0
6475	44916	Undirected	4.0
6475	-108315	Undirected	4.0
6475	14540	Undirected	5.0
6475	115831	Undirected	4.0
6475	-93913	Undirected	4.0
6475	-90293	Undirected	4.0
6475	-415585	Undirected	5.0
6475	27648	Undirected	4.0
6475	-468308	Undirected	4.0
6475	-462639	Undirected	4.0
6475	5587	Undirected	4.0
6475	-120053	Undirected	4.0
44916	-108315	Undirected	4.0
44916	14540	Undirected	4.0
44916	115831	Undirected	4.0
44916	-93913	Undirected	6.0
44916	-90293	Undirected	4.0
44916	-415585	Undirected	6.0
44916	12945	Undirected	4.0
44916	37796	Undirected	4.0
44916	102002	Undirected	4.0
44916	-453496	Undirected	5.0
44916	-3143	Undirected	5.0
44916	125768	Undirected	4.0
44916	24398	Undirected	4.0
44916	43874	Undirected	4.0
44916	-422664	Undirected	4.0
44916	-429500	Undirected	4.0
44916	73954	Undirected	4.0
44916	110100	Undirected	4.0
44916	-466014	Undirected	4.0
-108315	14540	Undirected	4.0
-108315	115831	Undirected	4.0
-108315	-93913	Undirected	4.0
-108315	-90293	Undirected	4.0
-108315	-415585	Undirected	4.0
14540	115831	Undirected	4.0
14540	-93913	Undirected	4.0
14540	-90293	Undirected	4.0
14540	-415585	Undirected	4.0
14540	-486867	Undirected	4.0
14540	-537220	Undirected	4.0
14540	6534	Undirected	4.0
14540	5587	Undirected	4.0
14540	18960	Undirected	4.0
115831	-93913	Undirected	4.0
115831	-90293	Undirected	4.0
115831	-415585	Undirected	4.0
-93913	-90293	Undirected	4.0
-93913	-415585	Undirected	7.0
-93913	12945	Undirected	4.0
-93913	37796	Undirected	4.0
-93913	27204	Undirected	4.0
-93913	-295071	Undirected	4.0
-93913	119882	Undirected	4.0
-93913	102002	Undirected	4.0
-93913	-453496	Undirected	4.0
-93913	-3143	Undirected	4.0
-93913	125768	Undirected	4.0
-93913	24398	Undirected	4.0
-90293	-415585	Undirected	4.0
-415585	12945	Undirected	4.0
-415585	37796	Undirected	4.0
-415585	27204	Undirected	4.0
-415585	-295071	Undirected	4.0
-415585	119882	Undirected	4.0
-415585	102002	Undirected	4.0
-415585	-453496	Undirected	4.0
-415585	-3143	Undirected	4.0
-415585	125768	Undirected	4.0
-415585	24398	Undirected	4.0
-415585	-462639	Undirected	4.0
-189972	-406899	Undirected	6.0
-189972	10789	Undirected	6.0
-189972	21343	Undirected	4.0
-189972	9602	Undirected	5.0
-189972	78648	Undirected	4.0
-406899	10789	Undirected	6.0
-406899	21343	Undirected	4.0
-406899	9602	Undirected	5.0
-406899	78648	Undirected	4.0
6372	39084	Undirected	4.0
6372	-21519	Undirected	5.0
6372	1450	Undirected	4.0
6372	-146464	Undirected	4.0
6372	102074	Undirected	4.0
6372	-450654	Undirected	4.0
6372	-117640	Undirected	4.0
46124	12558	Undirected	5.0
46124	-120149	Undirected	5.0
46124	98273	Undirected	5.0
46124	82213	Undirected	5.0
46124	26776	Undirected	5.0
46124	10789	Undirected	5.0
46124	26910	Undirected	5.0
46124	-2819	Undirected	5.0
46124	10910	Undirected	5.0
-189092	10789	Undirected	4.0
-189092	72193	Undirected	4.0
-189092	11579	Undirected	4.0
-189092	10310	Undirected	4.0
-189092	12945	Undirected	4.0
-189092	46177	Undirected	5.0
-189092	112671	Undirected	4.0
-189092	-123003	Undirected	4.0
-189092	111741	Undirected	4.0
-189092	273	Undirected	4.0
-189092	108792	Undirected	4.0
-189092	27648	Undirected	4.0
-189092	98471	Undirected	4.0
-189092	-178909	Undirected	4.0
-189092	101121	Undirected	4.0
-189092	-188467	Undirected	4.0
-189092	-107944	Undirected	4.0
-189092	6586	Undirected	4.0
-189092	5562	Undirected	5.0
-189092	123706	Undirected	4.0
-189092	82965	Undirected	5.0
-189092	32169	Undirected	4.0
-189092	32176	Undirected	4.0
-189092	29788	Undirected	4.0
-189092	-423577	Undirected	5.0
-189092	-126494	Undirected	4.0
-189092	44932	Undirected	4.0
-189092	11031	Undirected	4.0
-189092	16783	Undirected	4.0
-189092	73469	Undirected	4.0
-189092	91763	Undirected	4.0
-189092	-250227	Undirected	5.0
-189092	-240050	Undirected	4.0
-189092	13096	Undirected	4.0
-189092	41801	Undirected	5.0
-189092	-188696	Undirected	4.0
-189092	-98711	Undirected	4.0
-189092	-19895	Undirected	4.0
-189092	120848	Undirected	4.0
-189092	-187035	Undirected	4.0
-189092	48909	Undirected	4.0
-189092	41099	Undirected	4.0
-189092	74046	Undirected	4.0
-189092	107590	Undirected	4.0
-189092	54239	Undirected	4.0
12558	-120149	Undirected	5.0
12558	98273	Undirected	5.0
12558	82213	Undirected	5.0
12558	26776	Undirected	5.0
12558	10789	Undirected	5.0
12558	26910	Undirected	5.0
12558	-2819	Undirected	5.0
12558	10910	Undirected	5.0
-120149	98273	Undirected	5.0
-120149	82213	Undirected	5.0
-120149	26776	Undirected	5.0
-120149	10789	Undirected	5.0
-120149	26910	Undirected	5.0
-120149	-2819	Undirected	5.0
-120149	10910	Undirected	5.0
98273	82213	Undirected	5.0
98273	26776	Undirected	5.0
98273	10789	Undirected	5.0
98273	26910	Undirected	5.0
98273	-2819	Undirected	5.0
98273	10910	Undirected	5.0
82213	26776	Undirected	5.0
82213	10789	Undirected	5.0
82213	26910	Undirected	5.0
82213	-2819	Undirected	5.0
82213	10910	Undirected	5.0
26776	10789	Undirected	5.0
26776	26910	Undirected	5.0
26776	-2819	Undirected	5.0
26776	10910	Undirected	5.0
10789	26910	Undirected	7.0
10789	-2819	Undirected	5.0
10789	10910	Undirected	7.0
10789	-401170	Undirected	4.0
10789	21343	Undirected	4.0
10789	72193	Undirected	4.0
10789	46177	Undirected	4.0
10789	112671	Undirected	4.0
10789	90652	Undirected	4.0
10789	27648	Undirected	5.0
10789	9602	Undirected	5.0
10789	10276	Undirected	4.0
10789	55720	Undirected	4.0
10789	-516970	Undirected	4.0
10789	44683	Undirected	4.0
10789	5562	Undirected	4.0
10789	-423577	Undirected	4.0
10789	-250227	Undirected	4.0
10789	41801	Undirected	4.0
10789	48909	Undirected	4.0
10789	78648	Undirected	6.0
10789	54239	Undirected	4.0
10789	-128137	Undirected	4.0
26910	-2819	Undirected	5.0
26910	10910	Undirected	7.0
-2819	10910	Undirected	5.0
-401170	2132	Undirected	4.0
-401170	27648	Undirected	5.0
-401170	9602	Undirected	4.0
-401170	-391743	Undirected	4.0
-401170	44683	Undirected	4.0
-401170	41460	Undirected	4.0
42411	94881	Undirected	5.0
17349	3216	Undirected	4.0
17349	14032	Undirected	4.0
17349	107644	Undirected	4.0
17349	-395356	Undirected	4.0
17349	49479	Undirected	4.0
17349	-176067	Undirected	4.0
17349	21343	Undirected	4.0
17349	107959	Undirected	4.0
17349	68680	Undirected	4.0
99939	70023	Undirected	5.0
99939	14032	Undirected	4.0
99939	107644	Undirected	4.0
99939	-395356	Undirected	4.0
99939	49479	Undirected	4.0
99939	-176067	Undirected	4.0
99939	107959	Undirected	4.0
99939	68680	Undirected	4.0
99939	27648	Undirected	4.0
70023	14032	Undirected	4.0
70023	107644	Undirected	4.0
70023	-395356	Undirected	4.0
70023	49479	Undirected	4.0
70023	-176067	Undirected	4.0
70023	107959	Undirected	4.0
70023	68680	Undirected	4.0
14032	1313	Undirected	4.0
14032	107644	Undirected	5.0
14032	-395356	Undirected	5.0
14032	49479	Undirected	5.0
14032	-176067	Undirected	5.0
14032	21343	Undirected	4.0
14032	107959	Undirected	5.0
14032	68680	Undirected	5.0
14032	-462238	Undirected	4.0
14032	9121	Undirected	4.0
-106580	-90213	Undirected	4.0
45006	-167226	Undirected	4.0
45006	28488	Undirected	4.0
45006	27411	Undirected	4.0
45006	-305040	Undirected	4.0
-215054	68680	Undirected	4.0
107644	-395356	Undirected	5.0
107644	49479	Undirected	5.0
107644	-176067	Undirected	5.0
107644	21343	Undirected	4.0
107644	107959	Undirected	5.0
107644	68680	Undirected	5.0
-395356	49479	Undirected	5.0
-395356	-176067	Undirected	5.0
-395356	21343	Undirected	4.0
-395356	107959	Undirected	5.0
-395356	68680	Undirected	5.0
49479	-176067	Undirected	5.0
49479	21343	Undirected	4.0
49479	107959	Undirected	5.0
49479	68680	Undirected	5.0
-176067	21343	Undirected	4.0
-176067	107959	Undirected	5.0
-176067	68680	Undirected	5.0
21343	107959	Undirected	4.0
21343	68680	Undirected	4.0
21343	72193	Undirected	4.0
21343	9602	Undirected	4.0
21343	78648	Undirected	4.0
107959	68680	Undirected	5.0
68680	7492	Undirected	4.0
68680	77862	Undirected	4.0
68680	9121	Undirected	5.0
68680	37119	Undirected	4.0
68680	-525913	Undirected	4.0
68680	109756	Undirected	4.0
68680	-406143	Undirected	4.0
68680	1216	Undirected	4.0
68680	77621	Undirected	4.0
68680	107868	Undirected	4.0
68680	69341	Undirected	4.0
68680	-416678	Undirected	4.0
68680	-192625	Undirected	4.0
68680	15016	Undirected	4.0
68680	596	Undirected	4.0
68680	7253	Undirected	4.0
68680	-253001	Undirected	4.0
68680	27691	Undirected	4.0
68680	27196	Undirected	4.0
68680	-434052	Undirected	4.0
68680	-486867	Undirected	4.0
-94516	94773	Undirected	8.0
-94516	7492	Undirected	5.0
-94516	46217	Undirected	6.0
-94516	31883	Undirected	4.0
-94516	-486867	Undirected	6.0
-94516	-188962	Undirected	6.0
-94516	46128	Undirected	4.0
-94516	8465	Undirected	4.0
-94516	50579	Undirected	4.0
-94516	13368	Undirected	4.0
-94516	16880	Undirected	4.0
-94516	4553	Undirected	4.0
-94516	94859	Undirected	5.0
-94516	123469	Undirected	5.0
-94516	-120856	Undirected	5.0
-94516	43826	Undirected	5.0
-94516	-468308	Undirected	5.0
94773	7492	Undirected	5.0
94773	46217	Undirected	6.0
94773	31883	Undirected	4.0
94773	-486867	Undirected	6.0
94773	-188962	Undirected	6.0
94773	46128	Undirected	4.0
94773	8465	Undirected	4.0
94773	50579	Undirected	4.0
94773	13368	Undirected	4.0
94773	16880	Undirected	4.0
94773	4553	Undirected	4.0
94773	94859	Undirected	5.0
94773	123469	Undirected	5.0
94773	-120856	Undirected	5.0
94773	43826	Undirected	5.0
94773	-468308	Undirected	5.0
7492	46217	Undirected	5.0
7492	9121	Undirected	5.0
7492	37119	Undirected	4.0
7492	115947	Undirected	4.0
7492	109756	Undirected	4.0
7492	-188242	Undirected	4.0
7492	107868	Undirected	4.0
7492	69341	Undirected	4.0
7492	7253	Undirected	4.0
7492	-546606	Undirected	4.0
7492	-253001	Undirected	4.0
7492	-486867	Undirected	6.0
7492	-188962	Undirected	5.0
7492	-468308	Undirected	4.0
46217	102634	Undirected	4.0
46217	12311	Undirected	4.0
46217	28187	Undirected	4.0
46217	-486867	Undirected	5.0
46217	-188962	Undirected	5.0
46217	46128	Undirected	4.0
46217	94859	Undirected	5.0
46217	123469	Undirected	4.0
46217	-120856	Undirected	4.0
46217	43826	Undirected	5.0
46217	-468308	Undirected	4.0
46239	-145946	Undirected	5.0
46239	72193	Undirected	5.0
46239	127861	Undirected	4.0
46239	9121	Undirected	4.0
46239	27203	Undirected	4.0
46239	46177	Undirected	4.0
46239	111741	Undirected	4.0
46239	108792	Undirected	4.0
46239	27648	Undirected	4.0
46239	5562	Undirected	5.0
46239	32176	Undirected	4.0
46239	-423577	Undirected	5.0
46239	-250227	Undirected	5.0
46239	41801	Undirected	4.0
-145946	72193	Undirected	5.0
-145946	127861	Undirected	4.0
-145946	9121	Undirected	4.0
-145946	46177	Undirected	4.0
-145946	108792	Undirected	4.0
-145946	5562	Undirected	4.0
-145946	-423577	Undirected	4.0
-145946	-250227	Undirected	4.0
-145946	41801	Undirected	4.0
72193	-227807	Undirected	4.0
72193	127861	Undirected	4.0
72193	9121	Undirected	4.0
72193	12945	Undirected	4.0
72193	46177	Undirected	5.0
72193	112671	Undirected	4.0
72193	108792	Undirected	4.0
72193	27648	Undirected	4.0
72193	5562	Undirected	5.0
72193	82965	Undirected	4.0
72193	32176	Undirected	4.0
72193	-423577	Undirected	5.0
72193	-250227	Undirected	5.0
72193	41801	Undirected	5.0
72193	78648	Undirected	4.0
72193	54239	Undirected	4.0
-185356	-227807	Undirected	4.0
127861	-399342	Undirected	5.0
127861	9121	Undirected	4.0
127861	2132	Undirected	4.0
127861	27648	Undirected	5.0
127861	110641	Undirected	4.0
127861	72828	Undirected	4.0
127861	10327	Undirected	4.0
127861	7875	Undirected	4.0
127861	132139	Undirected	4.0
127861	40551	Undirected	4.0
127861	-89131	Undirected	4.0
127861	-83354	Undirected	4.0
127861	125088	Undirected	4.0
127861	42432	Undirected	4.0
127861	7695	Undirected	4.0
127861	41801	Undirected	4.0
127861	-107177	Undirected	5.0
-399342	9121	Undirected	4.0
-399342	2132	Undirected	4.0
-399342	27648	Undirected	4.0
-399342	-391743	Undirected	4.0
-462238	9121	Undirected	4.0
77862	9121	Undirected	6.0
77862	37119	Undirected	6.0
77862	-525913	Undirected	6.0
77862	109756	Undirected	4.0
77862	38091	Undirected	4.0
77862	-223629	Undirected	4.0
77862	1216	Undirected	4.0
77862	17408	Undirected	4.0
77862	28187	Undirected	4.0
77862	21659	Undirected	4.0
77862	-486867	Undirected	4.0
9121	37119	Undirected	8.0
9121	-525913	Undirected	6.0
9121	115947	Undirected	4.0
9121	2132	Undirected	4.0
9121	109756	Undirected	5.0
9121	-188242	Undirected	4.0
9121	38091	Undirected	4.0
9121	-223629	Undirected	4.0
9121	-406143	Undirected	4.0
9121	1216	Undirected	5.0
9121	77621	Undirected	4.0
9121	107868	Undirected	5.0
9121	69341	Undirected	5.0
9121	-416678	Undirected	4.0
9121	-192625	Undirected	4.0
9121	15016	Undirected	4.0
9121	596	Undirected	4.0
9121	7253	Undirected	5.0
9121	-546606	Undirected	4.0
9121	-253001	Undirected	5.0
9121	17408	Undirected	4.0
9121	28187	Undirected	5.0
9121	21659	Undirected	4.0
9121	27691	Undirected	4.0
9121	27196	Undirected	4.0
9121	-434052	Undirected	4.0
9121	-486867	Undirected	5.0
9121	27648	Undirected	4.0
9121	28488	Undirected	4.0
9121	-391743	Undirected	4.0
9121	-161432	Undirected	4.0
9121	37147	Undirected	4.0
9121	44683	Undirected	4.0
9121	29233	Undirected	4.0
9121	82895	Undirected	4.0
9121	7875	Undirected	4.0
9121	132139	Undirected	4.0
9121	9043	Undirected	4.0
9121	111427	Undirected	4.0
37119	-525913	Undirected	6.0
37119	115947	Undirected	4.0
37119	109756	Undirected	4.0
37119	38091	Undirected	4.0
37119	-223629	Undirected	4.0
37119	1216	Undirected	4.0
37119	107868	Undirected	4.0
37119	69341	Undirected	4.0
37119	7253	Undirected	4.0
37119	-253001	Undirected	4.0
37119	17408	Undirected	4.0
37119	28187	Undirected	4.0
37119	21659	Undirected	4.0
37119	-486867	Undirected	4.0
-525913	109756	Undirected	4.0
-525913	38091	Undirected	4.0
-525913	-223629	Undirected	4.0
-525913	1216	Undirected	4.0
-525913	17408	Undirected	4.0
-525913	28187	Undirected	4.0
-525913	21659	Undirected	4.0
-525913	-486867	Undirected	4.0
2683	123227	Undirected	4.0
2683	74254	Undirected	4.0
2683	79363	Undirected	4.0
2683	6408	Undirected	4.0
2683	38013	Undirected	4.0
2683	7979	Undirected	4.0
2683	-15786	Undirected	5.0
2683	11579	Undirected	5.0
2683	15517	Undirected	4.0
2683	21563	Undirected	6.0
2683	29273	Undirected	4.0
2683	36834	Undirected	4.0
2683	131905	Undirected	4.0
2683	12945	Undirected	4.0
2683	61977	Undirected	4.0
2683	72554	Undirected	4.0
2683	87566	Undirected	5.0
2683	14808	Undirected	4.0
2683	37796	Undirected	5.0
2683	27937	Undirected	4.0
2683	-466014	Undirected	4.0
2683	15576	Undirected	4.0
2683	5779	Undirected	4.0
3172	57277	Undirected	4.0
3172	54016	Undirected	4.0
57277	54016	Undirected	5.0
57277	54484	Undirected	4.0
57277	76878	Undirected	4.0
54484	76878	Undirected	5.0
54484	80329	Undirected	4.0
76878	80329	Undirected	4.0
80329	124317	Undirected	4.0
80329	-121488	Undirected	4.0
80329	54861	Undirected	4.0
80329	58780	Undirected	4.0
80329	-399142	Undirected	4.0
80329	34342	Undirected	4.0
80329	-209472	Undirected	4.0
80329	50252	Undirected	4.0
80329	54005	Undirected	4.0
80329	-154535	Undirected	4.0
80329	-124688	Undirected	4.0
80329	-11230	Undirected	4.0
80329	679	Undirected	4.0
80329	-117265	Undirected	4.0
80329	-163850	Undirected	4.0
80329	-49647	Undirected	4.0
80329	40306	Undirected	4.0
80329	15519	Undirected	4.0
80329	26550	Undirected	4.0
80329	26587	Undirected	4.0
80329	68422	Undirected	4.0
80329	-227962	Undirected	4.0
80329	103969	Undirected	4.0
80329	59459	Undirected	4.0
80329	31821	Undirected	4.0
80329	-210456	Undirected	4.0
80329	-395173	Undirected	5.0
80329	-156387	Undirected	4.0
80329	-9371	Undirected	4.0
80329	-7023	Undirected	4.0
80329	102784	Undirected	4.0
80329	27234	Undirected	4.0
80329	-435920	Undirected	4.0
-436262	106056	Undirected	4.0
-436262	-115825	Undirected	4.0
-436262	57299	Undirected	4.0
106056	-115825	Undirected	5.0
106056	57299	Undirected	4.0
106056	-97445	Undirected	7.0
106056	10636	Undirected	5.0
106056	-467571	Undirected	5.0
106056	-502987	Undirected	5.0
106056	-547615	Undirected	5.0
106056	-547284	Undirected	5.0
106056	-547376	Undirected	5.0
106056	-547368	Undirected	5.0
-115825	57299	Undirected	4.0
-115825	-97445	Undirected	4.0
-65	-210395	Undirected	4.0
-65	-195411	Undirected	4.0
-65	-120116	Undirected	4.0
-65	-117030	Undirected	4.0
-65	2327	Undirected	4.0
-65	-6727	Undirected	4.0
-65	-7137	Undirected	4.0
-65	71998	Undirected	4.0
-65	91645	Undirected	4.0
-65	14892	Undirected	4.0
-65	39843	Undirected	4.0
-65	-162396	Undirected	4.0
-65	43352	Undirected	4.0
-65	-163530	Undirected	4.0
-65	-17172	Undirected	4.0
-65	124317	Undirected	4.0
-65	-725	Undirected	4.0
-65	101452	Undirected	4.0
-65	46170	Undirected	4.0
-65	-357269	Undirected	4.0
-65	124288	Undirected	4.0
-65	-486252	Undirected	4.0
-65	112882	Undirected	4.0
-210395	-195411	Undirected	4.0
-210395	-120116	Undirected	4.0
-210395	-117030	Undirected	4.0
-210395	2327	Undirected	4.0
-210395	-6727	Undirected	4.0
-210395	-7137	Undirected	4.0
-210395	71998	Undirected	4.0
-210395	91645	Undirected	4.0
-210395	14892	Undirected	4.0
-210395	39843	Undirected	4.0
-210395	-162396	Undirected	4.0
-210395	43352	Undirected	4.0
-210395	-163530	Undirected	4.0
-210395	-17172	Undirected	4.0
-210395	124317	Undirected	4.0
-210395	-725	Undirected	4.0
-210395	101452	Undirected	4.0
-210395	46170	Undirected	4.0
-210395	-357269	Undirected	4.0
-210395	124288	Undirected	4.0
-210395	-486252	Undirected	4.0
-210395	112882	Undirected	4.0
-195411	-120116	Undirected	4.0
-195411	-117030	Undirected	4.0
-195411	2327	Undirected	4.0
-195411	-6727	Undirected	4.0
-195411	-7137	Undirected	4.0
-195411	71998	Undirected	4.0
-195411	91645	Undirected	4.0
-195411	14892	Undirected	4.0
-195411	39843	Undirected	4.0
-195411	-162396	Undirected	4.0
-195411	43352	Undirected	4.0
-195411	-163530	Undirected	4.0
-195411	-17172	Undirected	4.0
-195411	124317	Undirected	4.0
-195411	-725	Undirected	4.0
-195411	101452	Undirected	4.0
-195411	46170	Undirected	4.0
-195411	-357269	Undirected	4.0
-195411	124288	Undirected	4.0
-195411	-486252	Undirected	4.0
-195411	112882	Undirected	4.0
-120116	-117030	Undirected	4.0
-120116	2327	Undirected	4.0
-120116	-6727	Undirected	4.0
-120116	-7137	Undirected	4.0
-120116	71998	Undirected	4.0
-120116	91645	Undirected	4.0
-120116	14892	Undirected	4.0
-120116	39843	Undirected	4.0
-120116	-162396	Undirected	4.0
-120116	43352	Undirected	4.0
-120116	-163530	Undirected	4.0
-120116	-17172	Undirected	4.0
-120116	124317	Undirected	4.0
-120116	-725	Undirected	4.0
-120116	101452	Undirected	4.0
-120116	46170	Undirected	4.0
-120116	-357269	Undirected	4.0
-120116	124288	Undirected	4.0
-120116	-486252	Undirected	4.0
-120116	112882	Undirected	4.0
-117030	2327	Undirected	4.0
-117030	-6727	Undirected	4.0
-117030	-7137	Undirected	4.0
-117030	71998	Undirected	4.0
-117030	91645	Undirected	4.0
-117030	14892	Undirected	4.0
-117030	39843	Undirected	4.0
-117030	-162396	Undirected	4.0
-117030	43352	Undirected	4.0
-117030	-163530	Undirected	4.0
-117030	-17172	Undirected	4.0
-117030	124317	Undirected	4.0
-117030	-725	Undirected	4.0
-117030	101452	Undirected	4.0
-117030	46170	Undirected	4.0
-117030	-357269	Undirected	4.0
-117030	124288	Undirected	4.0
-117030	-486252	Undirected	4.0
-117030	112882	Undirected	4.0
2327	-6727	Undirected	4.0
2327	-7137	Undirected	4.0
2327	71998	Undirected	4.0
2327	91645	Undirected	4.0
2327	14892	Undirected	4.0
2327	39843	Undirected	4.0
2327	-162396	Undirected	4.0
2327	43352	Undirected	4.0
2327	-163530	Undirected	4.0
2327	-17172	Undirected	4.0
2327	124317	Undirected	4.0
2327	-725	Undirected	4.0
2327	101452	Undirected	4.0
2327	46170	Undirected	4.0
2327	-357269	Undirected	4.0
2327	124288	Undirected	4.0
2327	-486252	Undirected	4.0
2327	112882	Undirected	4.0
-6727	-7137	Undirected	4.0
-6727	71998	Undirected	4.0
-6727	91645	Undirected	4.0
-6727	14892	Undirected	4.0
-6727	39843	Undirected	4.0
-6727	-162396	Undirected	4.0
-6727	43352	Undirected	4.0
-6727	-163530	Undirected	4.0
-6727	-17172	Undirected	4.0
-6727	124317	Undirected	4.0
-6727	-725	Undirected	4.0
-6727	101452	Undirected	4.0
-6727	46170	Undirected	4.0
-6727	-357269	Undirected	4.0
-6727	124288	Undirected	4.0
-6727	-486252	Undirected	4.0
-6727	112882	Undirected	4.0
-7137	71998	Undirected	4.0
-7137	91645	Undirected	4.0
-7137	14892	Undirected	4.0
-7137	39843	Undirected	4.0
-7137	-162396	Undirected	4.0
-7137	43352	Undirected	4.0
-7137	-163530	Undirected	4.0
-7137	-17172	Undirected	4.0
-7137	124317	Undirected	4.0
-7137	-725	Undirected	4.0
-7137	101452	Undirected	4.0
-7137	46170	Undirected	4.0
-7137	-357269	Undirected	4.0
-7137	124288	Undirected	4.0
-7137	-486252	Undirected	4.0
-7137	112882	Undirected	4.0
71998	91645	Undirected	4.0
71998	14892	Undirected	4.0
71998	39843	Undirected	4.0
71998	-162396	Undirected	4.0
71998	43352	Undirected	4.0
71998	-163530	Undirected	4.0
71998	-17172	Undirected	4.0
71998	124317	Undirected	4.0
71998	-725	Undirected	4.0
71998	101452	Undirected	4.0
71998	46170	Undirected	4.0
71998	-357269	Undirected	4.0
71998	124288	Undirected	4.0
71998	-486252	Undirected	4.0
71998	112882	Undirected	4.0
91645	14892	Undirected	4.0
91645	39843	Undirected	4.0
91645	-162396	Undirected	4.0
91645	43352	Undirected	4.0
91645	-163530	Undirected	4.0
91645	-17172	Undirected	4.0
91645	124317	Undirected	4.0
91645	-725	Undirected	4.0
91645	101452	Undirected	4.0
91645	46170	Undirected	4.0
91645	-357269	Undirected	4.0
91645	124288	Undirected	4.0
91645	-486252	Undirected	4.0
91645	112882	Undirected	4.0
14892	39843	Undirected	4.0
14892	-162396	Undirected	4.0
14892	43352	Undirected	4.0
14892	-163530	Undirected	4.0
14892	-17172	Undirected	4.0
14892	124317	Undirected	5.0
14892	-725	Undirected	4.0
14892	101452	Undirected	4.0
14892	46170	Undirected	4.0
14892	-357269	Undirected	4.0
14892	124288	Undirected	4.0
14892	-486252	Undirected	4.0
14892	112882	Undirected	4.0
39843	-162396	Undirected	4.0
39843	43352	Undirected	4.0
39843	-163530	Undirected	4.0
39843	-17172	Undirected	4.0
39843	124317	Undirected	4.0
39843	-725	Undirected	4.0
39843	101452	Undirected	4.0
39843	46170	Undirected	4.0
39843	-357269	Undirected	4.0
39843	124288	Undirected	4.0
39843	-486252	Undirected	4.0
39843	112882	Undirected	4.0
-162396	43352	Undirected	4.0
-162396	-163530	Undirected	4.0
-162396	-17172	Undirected	4.0
-162396	124317	Undirected	4.0
-162396	-725	Undirected	4.0
-162396	101452	Undirected	4.0
-162396	46170	Undirected	4.0
-162396	-357269	Undirected	4.0
-162396	124288	Undirected	4.0
-162396	-486252	Undirected	4.0
-162396	112882	Undirected	4.0
43352	-163530	Undirected	4.0
43352	-17172	Undirected	4.0
43352	124317	Undirected	4.0
43352	-725	Undirected	4.0
43352	101452	Undirected	4.0
43352	46170	Undirected	4.0
43352	-357269	Undirected	4.0
43352	124288	Undirected	4.0
43352	-486252	Undirected	4.0
43352	112882	Undirected	4.0
-163530	-17172	Undirected	4.0
-163530	124317	Undirected	4.0
-163530	-725	Undirected	4.0
-163530	101452	Undirected	4.0
-163530	46170	Undirected	4.0
-163530	-357269	Undirected	4.0
-163530	124288	Undirected	4.0
-163530	-486252	Undirected	4.0
-163530	112882	Undirected	4.0
-17172	124317	Undirected	4.0
-17172	-725	Undirected	4.0
-17172	101452	Undirected	4.0
-17172	46170	Undirected	4.0
-17172	-357269	Undirected	4.0
-17172	124288	Undirected	4.0
-17172	-486252	Undirected	4.0
-17172	112882	Undirected	4.0
124317	-725	Undirected	4.0
124317	101452	Undirected	4.0
124317	46170	Undirected	4.0
124317	-357269	Undirected	4.0
124317	124288	Undirected	4.0
124317	-486252	Undirected	4.0
124317	112882	Undirected	4.0
124317	-355397	Undirected	4.0
124317	-77034	Undirected	4.0
124317	44685	Undirected	4.0
124317	-121488	Undirected	4.0
124317	57895	Undirected	4.0
124317	-399142	Undirected	5.0
124317	34342	Undirected	4.0
124317	-209472	Undirected	4.0
124317	50252	Undirected	4.0
124317	54005	Undirected	4.0
124317	-154535	Undirected	4.0
124317	-124688	Undirected	4.0
124317	-11230	Undirected	4.0
124317	679	Undirected	5.0
124317	-117265	Undirected	4.0
124317	-163850	Undirected	4.0
124317	-49647	Undirected	5.0
124317	40306	Undirected	4.0
124317	15519	Undirected	4.0
124317	26550	Undirected	5.0
124317	26587	Undirected	4.0
124317	68422	Undirected	4.0
124317	-227962	Undirected	4.0
124317	103969	Undirected	4.0
124317	59459	Undirected	4.0
124317	31821	Undirected	5.0
124317	-210456	Undirected	4.0
124317	-395173	Undirected	4.0
124317	-156387	Undirected	4.0
124317	-9371	Undirected	5.0
124317	-7023	Undirected	4.0
124317	102784	Undirected	5.0
124317	27234	Undirected	4.0
124317	-435920	Undirected	4.0
-725	101452	Undirected	4.0
-725	46170	Undirected	4.0
-725	-357269	Undirected	4.0
-725	124288	Undirected	4.0
-725	-486252	Undirected	4.0
-725	112882	Undirected	4.0
101452	46170	Undirected	4.0
101452	-357269	Undirected	4.0
101452	124288	Undirected	4.0
101452	-486252	Undirected	4.0
101452	112882	Undirected	4.0
46170	-357269	Undirected	4.0
46170	124288	Undirected	4.0
46170	-486252	Undirected	4.0
46170	112882	Undirected	4.0
-357269	124288	Undirected	4.0
-357269	-486252	Undirected	4.0
-357269	112882	Undirected	4.0
124288	-486252	Undirected	4.0
124288	112882	Undirected	4.0
-486252	112882	Undirected	4.0
43512	75095	Undirected	4.0
43512	114696	Undirected	4.0
43512	10949	Undirected	4.0
43512	2673	Undirected	4.0
43512	44011	Undirected	4.0
75095	114696	Undirected	4.0
75095	10949	Undirected	4.0
75095	2673	Undirected	4.0
75095	44011	Undirected	4.0
114696	10949	Undirected	4.0
114696	2673	Undirected	4.0
114696	44011	Undirected	4.0
10949	2673	Undirected	4.0
10949	44011	Undirected	4.0
2673	44011	Undirected	4.0
-108863	-77034	Undirected	4.0
-77034	44685	Undirected	5.0
-77034	-113659	Undirected	4.0
-77034	100637	Undirected	4.0
-77034	14049	Undirected	5.0
-77034	27648	Undirected	4.0
-77034	-437916	Undirected	5.0
-77034	-272444	Undirected	4.0
-77034	-222179	Undirected	4.0
-428479	21787	Undirected	4.0
28886	-553429	Undirected	4.0
28886	-159146	Undirected	4.0
-553429	-159146	Undirected	4.0
34988	-14173	Undirected	5.0
34988	-89055	Undirected	5.0
34988	95645	Undirected	5.0
34988	-224585	Undirected	8.0
34988	56426	Undirected	5.0
34988	44685	Undirected	6.0
34988	-399142	Undirected	4.0
34988	-154535	Undirected	4.0
34988	679	Undirected	4.0
34988	-49647	Undirected	4.0
34988	26550	Undirected	4.0
34988	103969	Undirected	5.0
34988	-395173	Undirected	4.0
34988	-196384	Undirected	4.0
34988	117687	Undirected	4.0
34988	-244010	Undirected	4.0
34988	126697	Undirected	4.0
34988	43613	Undirected	4.0
34988	-412209	Undirected	5.0
34988	-362298	Undirected	5.0
34988	-504137	Undirected	4.0
34988	-116873	Undirected	4.0
34988	108593	Undirected	4.0
34988	101281	Undirected	4.0
34988	-140023	Undirected	6.0
34988	48889	Undirected	6.0
34988	-417821	Undirected	5.0
34988	-423371	Undirected	5.0
34988	-435967	Undirected	7.0
34988	-437916	Undirected	6.0
34988	28147	Undirected	5.0
34988	124382	Undirected	5.0
34988	-271973	Undirected	5.0
34988	-160778	Undirected	5.0
34988	-156057	Undirected	5.0
34988	-125228	Undirected	5.0
34988	-117033	Undirected	5.0
34988	-108747	Undirected	5.0
34988	-91059	Undirected	5.0
34988	-88127	Undirected	5.0
34988	-88121	Undirected	5.0
34988	-17477	Undirected	5.0
34988	-11250	Undirected	5.0
34988	-3249	Undirected	5.0
34988	83362	Undirected	5.0
34988	-533001	Undirected	6.0
34988	-545013	Undirected	6.0
34988	117283	Undirected	4.0
34988	-460230	Undirected	4.0
34988	-11028	Undirected	4.0
34988	36017	Undirected	5.0
34988	10318	Undirected	4.0
34988	-114894	Undirected	4.0
34988	-87106	Undirected	4.0
34988	-414546	Undirected	4.0
34988	-461902	Undirected	4.0
34988	80062	Undirected	4.0
34988	-443602	Undirected	4.0
34988	123849	Undirected	4.0
34988	78277	Undirected	4.0
34988	128838	Undirected	4.0
34988	-462042	Undirected	4.0
34988	15654	Undirected	4.0
34988	120065	Undirected	4.0
34988	-160495	Undirected	4.0
34988	-118249	Undirected	4.0
34988	-115191	Undirected	4.0
-14173	-89055	Undirected	5.0
-14173	95645	Undirected	5.0
-14173	-224585	Undirected	5.0
-14173	56426	Undirected	4.0
-14173	44685	Undirected	4.0
-14173	-412209	Undirected	4.0
-14173	-140023	Undirected	4.0
-14173	48889	Undirected	4.0
-14173	-417821	Undirected	4.0
-14173	-423371	Undirected	4.0
-14173	-435967	Undirected	4.0
-14173	-437916	Undirected	4.0
-14173	28147	Undirected	4.0
-14173	124382	Undirected	4.0
-14173	-271973	Undirected	4.0
-14173	-160778	Undirected	4.0
-14173	-156057	Undirected	4.0
-14173	-125228	Undirected	4.0
-14173	-117033	Undirected	4.0
-14173	-108747	Undirected	4.0
-14173	-91059	Undirected	4.0
-14173	-88127	Undirected	4.0
-14173	-88121	Undirected	4.0
-14173	-17477	Undirected	4.0
-14173	-11250	Undirected	4.0
-14173	-3249	Undirected	4.0
-14173	83362	Undirected	4.0
-89055	95645	Undirected	5.0
-89055	-224585	Undirected	5.0
-89055	56426	Undirected	4.0
-89055	44685	Undirected	4.0
-89055	-412209	Undirected	4.0
-89055	-140023	Undirected	4.0
-89055	48889	Undirected	4.0
-89055	-417821	Undirected	4.0
-89055	-423371	Undirected	4.0
-89055	-435967	Undirected	4.0
-89055	-437916	Undirected	4.0
-89055	28147	Undirected	4.0
-89055	124382	Undirected	4.0
-89055	-271973	Undirected	4.0
-89055	-160778	Undirected	4.0
-89055	-156057	Undirected	4.0
-89055	-125228	Undirected	4.0
-89055	-117033	Undirected	4.0
-89055	-108747	Undirected	4.0
-89055	-91059	Undirected	4.0
-89055	-88127	Undirected	4.0
-89055	-88121	Undirected	4.0
-89055	-17477	Undirected	4.0
-89055	-11250	Undirected	4.0
-89055	-3249	Undirected	4.0
-89055	83362	Undirected	4.0
95645	-224585	Undirected	5.0
95645	56426	Undirected	4.0
95645	44685	Undirected	4.0
95645	56861	Undirected	4.0
95645	-412209	Undirected	4.0
95645	-140023	Undirected	4.0
95645	48889	Undirected	4.0
95645	-417821	Undirected	4.0
95645	-423371	Undirected	4.0
95645	-435967	Undirected	4.0
95645	-437916	Undirected	4.0
95645	28147	Undirected	4.0
95645	124382	Undirected	4.0
95645	-271973	Undirected	4.0
95645	-160778	Undirected	4.0
95645	-156057	Undirected	4.0
95645	-125228	Undirected	4.0
95645	-117033	Undirected	4.0
95645	-108747	Undirected	4.0
95645	-91059	Undirected	4.0
95645	-88127	Undirected	4.0
95645	-88121	Undirected	4.0
95645	-17477	Undirected	4.0
95645	-11250	Undirected	4.0
95645	-3249	Undirected	4.0
95645	83362	Undirected	4.0
95645	13969	Undirected	4.0
95645	-421541	Undirected	4.0
-224585	56426	Undirected	5.0
-224585	44685	Undirected	5.0
-224585	103969	Undirected	4.0
-224585	-196384	Undirected	4.0
-224585	117687	Undirected	4.0
-224585	-244010	Undirected	4.0
-224585	126697	Undirected	4.0
-224585	43613	Undirected	4.0
-224585	-412209	Undirected	5.0
-224585	-362298	Undirected	5.0
-224585	-504137	Undirected	4.0
-224585	-116873	Undirected	4.0
-224585	108593	Undirected	4.0
-224585	101281	Undirected	4.0
-224585	-140023	Undirected	6.0
-224585	48889	Undirected	5.0
-224585	-417821	Undirected	5.0
-224585	-423371	Undirected	5.0
-224585	-435967	Undirected	7.0
-224585	-437916	Undirected	5.0
-224585	28147	Undirected	5.0
-224585	124382	Undirected	5.0
-224585	-271973	Undirected	5.0
-224585	-160778	Undirected	5.0
-224585	-156057	Undirected	5.0
-224585	-125228	Undirected	5.0
-224585	-117033	Undirected	5.0
-224585	-108747	Undirected	5.0
-224585	-91059	Undirected	5.0
-224585	-88127	Undirected	5.0
-224585	-88121	Undirected	5.0
-224585	-17477	Undirected	5.0
-224585	-11250	Undirected	5.0
-224585	-3249	Undirected	5.0
-224585	83362	Undirected	5.0
-224585	-533001	Undirected	6.0
-224585	-545013	Undirected	6.0
-224585	117283	Undirected	4.0
-224585	-460230	Undirected	4.0
-224585	36017	Undirected	4.0
-224585	10318	Undirected	4.0
-224585	-114894	Undirected	4.0
-224585	-87106	Undirected	4.0
-224585	-414546	Undirected	4.0
-224585	-461902	Undirected	4.0
-224585	80062	Undirected	4.0
-224585	-443602	Undirected	4.0
-224585	123849	Undirected	4.0
-224585	78277	Undirected	4.0
-224585	128838	Undirected	4.0
-224585	-462042	Undirected	4.0
-224585	15654	Undirected	4.0
-224585	120065	Undirected	4.0
-224585	-160495	Undirected	4.0
-224585	-118249	Undirected	4.0
-224585	-115191	Undirected	4.0
-122700	4504	Undirected	4.0
-122700	83922	Undirected	4.0
4504	83922	Undirected	4.0
111872	7963	Undirected	4.0
115947	31883	Undirected	4.0
115947	38091	Undirected	4.0
115947	-223629	Undirected	4.0
74254	79363	Undirected	4.0
74254	6408	Undirected	4.0
74254	38013	Undirected	4.0
74254	7979	Undirected	4.0
74254	-15786	Undirected	4.0
74254	11579	Undirected	4.0
74254	15517	Undirected	4.0
74254	21563	Undirected	4.0
74254	29273	Undirected	4.0
74254	36834	Undirected	4.0
74254	131905	Undirected	4.0
79363	6408	Undirected	4.0
79363	38013	Undirected	4.0
79363	7979	Undirected	4.0
79363	-15786	Undirected	4.0
79363	11579	Undirected	4.0
79363	15517	Undirected	4.0
79363	21563	Undirected	4.0
79363	29273	Undirected	4.0
79363	36834	Undirected	4.0
79363	131905	Undirected	4.0
79363	-22878	Undirected	4.0
79363	1361	Undirected	4.0
79363	-150653	Undirected	4.0
79363	71090	Undirected	4.0
6408	38013	Undirected	4.0
6408	7979	Undirected	4.0
6408	-15786	Undirected	4.0
6408	11579	Undirected	4.0
6408	15517	Undirected	4.0
6408	21563	Undirected	4.0
6408	29273	Undirected	4.0
6408	36834	Undirected	4.0
6408	131905	Undirected	4.0
38013	7979	Undirected	4.0
38013	-15786	Undirected	4.0
38013	11579	Undirected	4.0
38013	15517	Undirected	4.0
38013	21563	Undirected	4.0
38013	29273	Undirected	4.0
38013	36834	Undirected	4.0
38013	131905	Undirected	4.0
7979	-15786	Undirected	4.0
7979	11579	Undirected	4.0
7979	15517	Undirected	4.0
7979	21563	Undirected	4.0
7979	29273	Undirected	4.0
7979	36834	Undirected	4.0
7979	131905	Undirected	4.0
-15786	11579	Undirected	6.0
-15786	15517	Undirected	4.0
-15786	21563	Undirected	6.0
-15786	29273	Undirected	4.0
-15786	36834	Undirected	4.0
-15786	131905	Undirected	4.0
-15786	102002	Undirected	4.0
11579	15517	Undirected	4.0
11579	21563	Undirected	6.0
11579	29273	Undirected	4.0
11579	36834	Undirected	4.0
11579	131905	Undirected	4.0
11579	10310	Undirected	4.0
11579	12945	Undirected	5.0
11579	45311	Undirected	4.0
11579	46177	Undirected	4.0
11579	-117640	Undirected	4.0
11579	98471	Undirected	4.0
11579	9602	Undirected	4.0
11579	101121	Undirected	4.0
11579	-188467	Undirected	4.0
11579	-107944	Undirected	4.0
11579	6586	Undirected	4.0
11579	5562	Undirected	4.0
11579	123706	Undirected	4.0
11579	82965	Undirected	4.0
11579	32169	Undirected	4.0
11579	32176	Undirected	4.0
11579	29788	Undirected	4.0
11579	-423577	Undirected	4.0
11579	-126494	Undirected	4.0
11579	44932	Undirected	4.0
11579	11031	Undirected	4.0
11579	16783	Undirected	4.0
11579	73469	Undirected	4.0
11579	91763	Undirected	4.0
11579	-250227	Undirected	4.0
11579	-240050	Undirected	4.0
11579	13096	Undirected	4.0
11579	41801	Undirected	4.0
11579	-188696	Undirected	4.0
11579	-98711	Undirected	4.0
11579	-19895	Undirected	4.0
11579	120848	Undirected	4.0
11579	-187035	Undirected	4.0
11579	48909	Undirected	4.0
11579	41099	Undirected	4.0
11579	74046	Undirected	4.0
11579	107590	Undirected	4.0
11579	102002	Undirected	4.0
11579	-189602	Undirected	4.0
15517	21563	Undirected	4.0
15517	29273	Undirected	4.0
15517	36834	Undirected	4.0
15517	131905	Undirected	4.0
21563	29273	Undirected	4.0
21563	36834	Undirected	4.0
21563	131905	Undirected	4.0
21563	12945	Undirected	4.0
21563	37796	Undirected	4.0
21563	27204	Undirected	4.0
21563	-295071	Undirected	4.0
21563	102002	Undirected	4.0
29273	36834	Undirected	4.0
29273	131905	Undirected	4.0
36834	131905	Undirected	4.0
2132	27648	Undirected	7.0
2132	115649	Undirected	4.0
2132	-391743	Undirected	6.0
2132	-373541	Undirected	4.0
2132	-157660	Undirected	4.0
2132	-113790	Undirected	4.0
2132	38217	Undirected	5.0
2132	56451	Undirected	5.0
2132	121144	Undirected	4.0
2132	-493306	Undirected	5.0
2132	-161432	Undirected	4.0
2132	37147	Undirected	4.0
2132	44683	Undirected	5.0
2132	-107177	Undirected	4.0
27203	73642	Undirected	4.0
27203	53013	Undirected	4.0
27203	81738	Undirected	4.0
27203	-167226	Undirected	4.0
27203	46177	Undirected	4.0
27203	5562	Undirected	4.0
27203	-423577	Undirected	4.0
27203	-250227	Undirected	4.0
-97525	12945	Undirected	4.0
10310	12945	Undirected	6.0
10310	46177	Undirected	5.0
10310	98471	Undirected	4.0
10310	101121	Undirected	4.0
10310	-188467	Undirected	4.0
10310	-107944	Undirected	4.0
10310	6586	Undirected	4.0
10310	5562	Undirected	4.0
10310	123706	Undirected	4.0
10310	82965	Undirected	4.0
10310	32169	Undirected	4.0
10310	32176	Undirected	4.0
10310	29788	Undirected	4.0
10310	-423577	Undirected	4.0
10310	-126494	Undirected	4.0
10310	44932	Undirected	4.0
10310	11031	Undirected	4.0
10310	16783	Undirected	4.0
10310	73469	Undirected	4.0
10310	91763	Undirected	4.0
10310	-250227	Undirected	4.0
10310	-240050	Undirected	4.0
10310	13096	Undirected	4.0
10310	41801	Undirected	4.0
10310	-188696	Undirected	4.0
10310	-98711	Undirected	4.0
10310	-19895	Undirected	4.0
10310	120848	Undirected	4.0
10310	-187035	Undirected	4.0
10310	48909	Undirected	4.0
10310	41099	Undirected	4.0
10310	74046	Undirected	4.0
10310	107590	Undirected	4.0
12945	73642	Undirected	4.0
12945	53013	Undirected	4.0
12945	-132821	Undirected	4.0
12945	81738	Undirected	4.0
12945	-167226	Undirected	4.0
12945	80335	Undirected	4.0
12945	45311	Undirected	4.0
12945	46177	Undirected	6.0
12945	112671	Undirected	4.0
12945	-401501	Undirected	4.0
12945	61977	Undirected	4.0
12945	87566	Undirected	4.0
12945	37796	Undirected	6.0
12945	-198610	Undirected	4.0
12945	124327	Undirected	4.0
12945	27204	Undirected	6.0
12945	-295071	Undirected	6.0
12945	119882	Undirected	4.0
12945	17558	Undirected	4.0
12945	-123003	Undirected	4.0
12945	111741	Undirected	4.0
12945	37876	Undirected	4.0
12945	273	Undirected	4.0
12945	108792	Undirected	5.0
12945	-160191	Undirected	4.0
12945	27648	Undirected	4.0
12945	-117640	Undirected	4.0
12945	98471	Undirected	4.0
12945	9602	Undirected	4.0
12945	101121	Undirected	4.0
12945	-188467	Undirected	4.0
12945	-107944	Undirected	4.0
12945	6586	Undirected	4.0
12945	5562	Undirected	5.0
12945	123706	Undirected	4.0
12945	82965	Undirected	4.0
12945	32169	Undirected	4.0
12945	32176	Undirected	5.0
12945	29788	Undirected	4.0
12945	-423577	Undirected	5.0
12945	-126494	Undirected	4.0
12945	44932	Undirected	4.0
12945	11031	Undirected	4.0
12945	16783	Undirected	4.0
12945	73469	Undirected	4.0
12945	91763	Undirected	4.0
12945	-250227	Undirected	5.0
12945	-240050	Undirected	4.0
12945	13096	Undirected	4.0
12945	41801	Undirected	5.0
12945	-188696	Undirected	4.0
12945	-98711	Undirected	4.0
12945	-19895	Undirected	4.0
12945	120848	Undirected	4.0
12945	-187035	Undirected	4.0
12945	48909	Undirected	4.0
12945	41099	Undirected	4.0
12945	74046	Undirected	4.0
12945	107590	Undirected	4.0
12945	102002	Undirected	5.0
12945	-453496	Undirected	4.0
12945	-3143	Undirected	5.0
12945	125098	Undirected	4.0
12945	43874	Undirected	6.0
12945	-422664	Undirected	4.0
12945	-429500	Undirected	4.0
12945	73954	Undirected	4.0
12945	110100	Undirected	6.0
12945	-466014	Undirected	5.0
12945	99913	Undirected	4.0
12945	-189602	Undirected	5.0
12945	54239	Undirected	4.0
12945	83313	Undirected	4.0
12945	-258685	Undirected	4.0
12945	12133	Undirected	4.0
45306	61164	Undirected	4.0
73642	53013	Undirected	8.0
73642	81738	Undirected	8.0
73642	-167226	Undirected	8.0
73642	46177	Undirected	5.0
73642	112671	Undirected	4.0
73642	-401501	Undirected	4.0
73642	17558	Undirected	4.0
73642	108792	Undirected	4.0
73642	27648	Undirected	4.0
73642	13805	Undirected	4.0
73642	73994	Undirected	6.0
73642	92000	Undirected	5.0
73642	3889	Undirected	5.0
73642	-15988	Undirected	5.0
73642	-14854	Undirected	5.0
73642	-15906	Undirected	5.0
73642	125973	Undirected	4.0
73642	-162649	Undirected	4.0
73642	13851	Undirected	4.0
73642	117015	Undirected	4.0
73642	5562	Undirected	4.0
73642	-423577	Undirected	4.0
73642	-250227	Undirected	4.0
73642	41801	Undirected	4.0
73642	102002	Undirected	4.0
73642	27411	Undirected	4.0
73642	47424	Undirected	4.0
73642	54239	Undirected	4.0
73642	32006	Undirected	4.0
73642	6534	Undirected	4.0
73642	33964	Undirected	4.0
-189940	41165	Undirected	5.0
-189940	-72367	Undirected	5.0
53013	81738	Undirected	8.0
53013	-167226	Undirected	8.0
53013	46177	Undirected	5.0
53013	112671	Undirected	4.0
53013	-401501	Undirected	4.0
53013	17558	Undirected	4.0
53013	108792	Undirected	4.0
53013	27648	Undirected	4.0
53013	13805	Undirected	4.0
53013	73994	Undirected	6.0
53013	92000	Undirected	5.0
53013	3889	Undirected	5.0
53013	-15988	Undirected	5.0
53013	-14854	Undirected	5.0
53013	-15906	Undirected	5.0
53013	125973	Undirected	4.0
53013	-162649	Undirected	4.0
53013	13851	Undirected	4.0
53013	117015	Undirected	4.0
53013	5562	Undirected	4.0
53013	-423577	Undirected	4.0
53013	-250227	Undirected	4.0
53013	41801	Undirected	4.0
53013	102002	Undirected	4.0
53013	27411	Undirected	4.0
53013	47424	Undirected	4.0
53013	54239	Undirected	4.0
53013	32006	Undirected	4.0
53013	6534	Undirected	4.0
53013	33964	Undirected	4.0
-132821	37796	Undirected	4.0
-132821	-466014	Undirected	4.0
41165	-72367	Undirected	5.0
41165	22809	Undirected	4.0
41165	-160869	Undirected	4.0
81738	-167226	Undirected	8.0
81738	46177	Undirected	5.0
81738	112671	Undirected	4.0
81738	-401501	Undirected	4.0
81738	17558	Undirected	4.0
81738	108792	Undirected	4.0
81738	27648	Undirected	4.0
81738	13805	Undirected	4.0
81738	73994	Undirected	6.0
81738	92000	Undirected	5.0
81738	3889	Undirected	5.0
81738	-15988	Undirected	5.0
81738	-14854	Undirected	5.0
81738	-15906	Undirected	5.0
81738	125973	Undirected	4.0
81738	-162649	Undirected	4.0
81738	13851	Undirected	4.0
81738	117015	Undirected	4.0
81738	5562	Undirected	4.0
81738	-423577	Undirected	4.0
81738	-250227	Undirected	4.0
81738	41801	Undirected	4.0
81738	102002	Undirected	4.0
81738	27411	Undirected	4.0
81738	47424	Undirected	4.0
81738	54239	Undirected	4.0
81738	32006	Undirected	4.0
81738	6534	Undirected	4.0
81738	33964	Undirected	4.0
-167226	46177	Undirected	5.0
-167226	112671	Undirected	4.0
-167226	-401501	Undirected	4.0
-167226	17558	Undirected	4.0
-167226	108792	Undirected	4.0
-167226	27648	Undirected	4.0
-167226	13805	Undirected	5.0
-167226	73994	Undirected	7.0
-167226	92000	Undirected	5.0
-167226	3889	Undirected	5.0
-167226	-15988	Undirected	5.0
-167226	-14854	Undirected	5.0
-167226	-15906	Undirected	5.0
-167226	125973	Undirected	4.0
-167226	-162649	Undirected	4.0
-167226	13851	Undirected	4.0
-167226	117015	Undirected	4.0
-167226	5562	Undirected	4.0
-167226	-423577	Undirected	4.0
-167226	-250227	Undirected	4.0
-167226	41801	Undirected	4.0
-167226	102002	Undirected	4.0
-167226	27411	Undirected	5.0
-167226	47424	Undirected	4.0
-167226	54239	Undirected	4.0
-167226	32006	Undirected	4.0
-167226	6534	Undirected	4.0
-167226	-130149	Undirected	4.0
-167226	33964	Undirected	4.0
80335	-198610	Undirected	4.0
45311	46177	Undirected	4.0
45311	10928	Undirected	4.0
45311	107535	Undirected	4.0
-471482	117173	Undirected	5.0
-471482	-21575	Undirected	4.0
-471482	41081	Undirected	4.0
-471482	-208490	Undirected	4.0
-471482	-188815	Undirected	4.0
-471482	794	Undirected	4.0
-471482	92027	Undirected	4.0
-471482	12980	Undirected	4.0
-471482	106640	Undirected	4.0
-471482	82103	Undirected	4.0
-471482	29823	Undirected	4.0
-471482	-429174	Undirected	4.0
-471482	-116491	Undirected	4.0
-471482	74829	Undirected	4.0
-471482	56480	Undirected	4.0
-471482	115742	Undirected	4.0
-471482	4826	Undirected	4.0
41984	-212193	Undirected	6.0
41984	-188882	Undirected	5.0
41984	75573	Undirected	5.0
41984	-80458	Undirected	5.0
41984	7223	Undirected	5.0
41984	41455	Undirected	5.0
41984	56821	Undirected	5.0
41984	46920	Undirected	4.0
41984	-468187	Undirected	4.0
-212193	-188882	Undirected	5.0
-212193	75573	Undirected	5.0
-212193	-80458	Undirected	5.0
-212193	7223	Undirected	5.0
-212193	41455	Undirected	5.0
-212193	56821	Undirected	5.0
-212193	8623	Undirected	4.0
-212193	13603	Undirected	4.0
-212193	111325	Undirected	4.0
-188882	75573	Undirected	5.0
-188882	-80458	Undirected	5.0
-188882	7223	Undirected	5.0
-188882	41455	Undirected	5.0
-188882	56821	Undirected	7.0
75573	-80458	Undirected	5.0
75573	7223	Undirected	5.0
75573	41455	Undirected	5.0
75573	56821	Undirected	5.0
-80458	7223	Undirected	5.0
-80458	41455	Undirected	5.0
-80458	56821	Undirected	5.0
7223	41455	Undirected	5.0
7223	56821	Undirected	5.0
41455	56821	Undirected	5.0
46177	112671	Undirected	5.0
46177	-401501	Undirected	4.0
46177	17558	Undirected	4.0
46177	-123003	Undirected	4.0
46177	111741	Undirected	4.0
46177	273	Undirected	4.0
46177	108792	Undirected	5.0
46177	27648	Undirected	5.0
46177	98471	Undirected	4.0
46177	9602	Undirected	4.0
46177	28488	Undirected	4.0
46177	13851	Undirected	4.0
46177	117015	Undirected	4.0
46177	-178909	Undirected	4.0
46177	101121	Undirected	4.0
46177	-188467	Undirected	4.0
46177	-107944	Undirected	4.0
46177	6586	Undirected	4.0
46177	5562	Undirected	6.0
46177	123706	Undirected	4.0
46177	82965	Undirected	5.0
46177	32169	Undirected	4.0
46177	32176	Undirected	5.0
46177	29788	Undirected	4.0
46177	-423577	Undirected	6.0
46177	-126494	Undirected	4.0
46177	44932	Undirected	4.0
46177	11031	Undirected	4.0
46177	16783	Undirected	4.0
46177	73469	Undirected	4.0
46177	91763	Undirected	4.0
46177	-250227	Undirected	6.0
46177	-240050	Undirected	4.0
46177	13096	Undirected	4.0
46177	41801	Undirected	6.0
46177	-188696	Undirected	4.0
46177	-98711	Undirected	4.0
46177	-19895	Undirected	4.0
46177	120848	Undirected	4.0
46177	-187035	Undirected	4.0
46177	48909	Undirected	4.0
46177	41099	Undirected	4.0
46177	74046	Undirected	4.0
46177	107590	Undirected	4.0
46177	9043	Undirected	4.0
46177	111427	Undirected	4.0
46177	102002	Undirected	4.0
46177	27411	Undirected	4.0
46177	78648	Undirected	4.0
46177	47424	Undirected	4.0
46177	99913	Undirected	4.0
46177	-189602	Undirected	4.0
46177	54239	Undirected	5.0
46177	32006	Undirected	4.0
46177	6534	Undirected	4.0
117173	-21575	Undirected	4.0
117173	41081	Undirected	4.0
117173	-208490	Undirected	4.0
117173	-188815	Undirected	4.0
117173	794	Undirected	4.0
117173	92027	Undirected	4.0
117173	12980	Undirected	4.0
117173	106640	Undirected	4.0
117173	82103	Undirected	4.0
117173	29823	Undirected	4.0
117173	-429174	Undirected	4.0
117173	-116491	Undirected	4.0
117173	74829	Undirected	4.0
117173	56480	Undirected	4.0
117173	115742	Undirected	4.0
117173	4826	Undirected	4.0
56426	44685	Undirected	8.0
56426	103969	Undirected	4.0
56426	-395173	Undirected	5.0
56426	-412209	Undirected	4.0
56426	-140023	Undirected	4.0
56426	48889	Undirected	5.0
56426	-417821	Undirected	5.0
56426	-423371	Undirected	5.0
56426	-435967	Undirected	5.0
56426	-437916	Undirected	6.0
56426	28147	Undirected	5.0
56426	124382	Undirected	5.0
56426	-271973	Undirected	5.0
56426	-160778	Undirected	5.0
56426	-156057	Undirected	5.0
56426	-125228	Undirected	5.0
56426	-117033	Undirected	5.0
56426	-108747	Undirected	5.0
56426	-91059	Undirected	5.0
56426	-88127	Undirected	5.0
56426	-88121	Undirected	5.0
56426	-17477	Undirected	5.0
56426	-11250	Undirected	5.0
56426	-3249	Undirected	5.0
56426	83362	Undirected	5.0
56426	-533001	Undirected	4.0
56426	-545013	Undirected	4.0
44685	-150346	Undirected	4.0
44685	78398	Undirected	5.0
44685	88857	Undirected	5.0
44685	57895	Undirected	4.0
44685	-399142	Undirected	4.0
44685	-154535	Undirected	5.0
44685	679	Undirected	5.0
44685	-49647	Undirected	4.0
44685	26550	Undirected	5.0
44685	103969	Undirected	5.0
44685	31821	Undirected	5.0
44685	-395173	Undirected	6.0
44685	-9371	Undirected	5.0
44685	102784	Undirected	5.0
44685	27234	Undirected	4.0
44685	-113659	Undirected	4.0
44685	100637	Undirected	5.0
44685	14049	Undirected	4.0
44685	56861	Undirected	4.0
44685	-412209	Undirected	4.0
44685	39084	Undirected	4.0
44685	-21519	Undirected	4.0
44685	72554	Undirected	5.0
44685	1450	Undirected	4.0
44685	-146464	Undirected	4.0
44685	102074	Undirected	4.0
44685	-450654	Undirected	4.0
44685	87566	Undirected	4.0
44685	109496	Undirected	4.0
44685	-90213	Undirected	5.0
44685	10640	Undirected	5.0
44685	27648	Undirected	5.0
44685	98471	Undirected	4.0
44685	59590	Undirected	4.0
44685	70039	Undirected	4.0
44685	9481	Undirected	4.0
44685	107194	Undirected	5.0
44685	-140023	Undirected	5.0
44685	65572	Undirected	4.0
44685	48889	Undirected	6.0
44685	-417821	Undirected	5.0
44685	-423371	Undirected	5.0
44685	-435967	Undirected	5.0
44685	-437916	Undirected	8.0
44685	28147	Undirected	5.0
44685	124382	Undirected	5.0
44685	-271973	Undirected	5.0
44685	-160778	Undirected	5.0
44685	-156057	Undirected	5.0
44685	-125228	Undirected	5.0
44685	-117033	Undirected	5.0
44685	-108747	Undirected	5.0
44685	-91059	Undirected	5.0
44685	-88127	Undirected	5.0
44685	-88121	Undirected	5.0
44685	-17477	Undirected	5.0
44685	-11250	Undirected	5.0
44685	-3249	Undirected	5.0
44685	83362	Undirected	5.0
44685	-533001	Undirected	4.0
44685	-545013	Undirected	4.0
44685	-22878	Undirected	4.0
44685	-90068	Undirected	4.0
44685	-300675	Undirected	4.0
44685	36017	Undirected	4.0
27122	-236417	Undirected	5.0
27122	-189999	Undirected	5.0
27122	-199623	Undirected	5.0
27122	-109533	Undirected	5.0
-236417	-189999	Undirected	5.0
-236417	-199623	Undirected	5.0
-236417	-109533	Undirected	5.0
-189999	-199623	Undirected	5.0
-189999	-109533	Undirected	5.0
-199623	-109533	Undirected	5.0
-150346	78398	Undirected	5.0
-150346	9858	Undirected	5.0
-150346	88857	Undirected	5.0
-150346	54369	Undirected	5.0
-150346	-154535	Undirected	4.0
-150346	103969	Undirected	4.0
78398	9858	Undirected	5.0
78398	88857	Undirected	8.0
78398	54369	Undirected	5.0
78398	39084	Undirected	6.0
78398	6882	Undirected	4.0
78398	17707	Undirected	4.0
78398	35210	Undirected	4.0
78398	-21519	Undirected	4.0
78398	72554	Undirected	5.0
78398	1450	Undirected	4.0
78398	-146464	Undirected	4.0
78398	102074	Undirected	4.0
78398	-450654	Undirected	4.0
78398	87566	Undirected	4.0
78398	-117640	Undirected	4.0
78398	107194	Undirected	4.0
9858	88857	Undirected	5.0
9858	54369	Undirected	5.0
9858	101281	Undirected	4.0
88857	54369	Undirected	5.0
88857	-116561	Undirected	4.0
88857	82502	Undirected	4.0
88857	73961	Undirected	4.0
88857	112700	Undirected	4.0
88857	75481	Undirected	4.0
88857	-116873	Undirected	4.0
88857	36903	Undirected	4.0
88857	39084	Undirected	6.0
88857	6882	Undirected	4.0
88857	17707	Undirected	4.0
88857	35210	Undirected	4.0
88857	-21519	Undirected	4.0
88857	72554	Undirected	5.0
88857	1450	Undirected	4.0
88857	-146464	Undirected	4.0
88857	102074	Undirected	4.0
88857	-450654	Undirected	4.0
88857	87566	Undirected	4.0
88857	87331	Undirected	4.0
88857	-136653	Undirected	4.0
88857	91663	Undirected	4.0
88857	54555	Undirected	4.0
88857	-117640	Undirected	4.0
88857	107194	Undirected	4.0
88857	-467365	Undirected	4.0
-21575	56480	Undirected	4.0
-21575	115742	Undirected	4.0
-21575	4826	Undirected	4.0
41081	-208490	Undirected	4.0
41081	-188815	Undirected	4.0
41081	794	Undirected	6.0
41081	92027	Undirected	4.0
41081	12980	Undirected	4.0
41081	106640	Undirected	4.0
41081	82103	Undirected	4.0
41081	29823	Undirected	4.0
41081	-429174	Undirected	4.0
41081	-116491	Undirected	4.0
41081	74829	Undirected	4.0
-208490	-188815	Undirected	4.0
-208490	794	Undirected	4.0
-208490	92027	Undirected	4.0
-208490	12980	Undirected	4.0
-208490	106640	Undirected	4.0
-208490	82103	Undirected	4.0
-208490	29823	Undirected	4.0
-208490	-429174	Undirected	4.0
-208490	-116491	Undirected	4.0
-208490	74829	Undirected	4.0
-188815	794	Undirected	4.0
-188815	92027	Undirected	4.0
-188815	12980	Undirected	4.0
-188815	40650	Undirected	4.0
-188815	57752	Undirected	4.0
-188815	32178	Undirected	4.0
-188815	106640	Undirected	4.0
-188815	82103	Undirected	4.0
-188815	29823	Undirected	4.0
-188815	-429174	Undirected	4.0
-188815	-116491	Undirected	4.0
-188815	74829	Undirected	4.0
-188815	75056	Undirected	4.0
-188815	56480	Undirected	4.0
-188815	-439280	Undirected	4.0
-188815	115742	Undirected	4.0
-188815	96893	Undirected	4.0
794	92027	Undirected	4.0
794	12980	Undirected	4.0
794	106640	Undirected	4.0
794	82103	Undirected	4.0
794	29823	Undirected	4.0
794	-429174	Undirected	4.0
794	-116491	Undirected	4.0
794	74829	Undirected	4.0
92027	12980	Undirected	4.0
92027	40650	Undirected	4.0
92027	-198820	Undirected	4.0
92027	-395121	Undirected	4.0
92027	-25307	Undirected	4.0
92027	-111157	Undirected	4.0
92027	-6882	Undirected	4.0
92027	93053	Undirected	4.0
92027	-40448	Undirected	4.0
92027	-30909	Undirected	4.0
92027	-49749	Undirected	4.0
92027	57752	Undirected	4.0
92027	118024	Undirected	4.0
92027	-440293	Undirected	4.0
92027	21727	Undirected	4.0
92027	114123	Undirected	4.0
92027	-448598	Undirected	4.0
92027	-441051	Undirected	4.0
92027	-246854	Undirected	4.0
92027	32178	Undirected	4.0
92027	106640	Undirected	4.0
92027	82103	Undirected	4.0
92027	29823	Undirected	4.0
92027	-429174	Undirected	4.0
92027	-116491	Undirected	4.0
92027	74829	Undirected	4.0
92027	61980	Undirected	4.0
92027	115982	Undirected	4.0
92027	66455	Undirected	4.0
92027	69545	Undirected	4.0
12980	106640	Undirected	4.0
12980	82103	Undirected	4.0
12980	29823	Undirected	4.0
12980	-429174	Undirected	4.0
12980	-116491	Undirected	4.0
12980	74829	Undirected	4.0
40650	-198820	Undirected	5.0
40650	-395121	Undirected	5.0
40650	-25307	Undirected	5.0
40650	-111157	Undirected	5.0
40650	-6882	Undirected	5.0
40650	93053	Undirected	5.0
40650	-40448	Undirected	5.0
40650	-30909	Undirected	5.0
40650	-49749	Undirected	5.0
40650	57752	Undirected	6.0
40650	118024	Undirected	5.0
40650	-440293	Undirected	5.0
40650	21727	Undirected	5.0
40650	114123	Undirected	5.0
40650	-448598	Undirected	5.0
40650	-441051	Undirected	5.0
40650	-246854	Undirected	5.0
40650	32178	Undirected	6.0
40650	106640	Undirected	4.0
40650	82103	Undirected	4.0
40650	29823	Undirected	4.0
40650	-429174	Undirected	4.0
40650	-116491	Undirected	4.0
40650	74829	Undirected	4.0
-198820	-395121	Undirected	5.0
-198820	-25307	Undirected	5.0
-198820	-111157	Undirected	5.0
-198820	-6882	Undirected	5.0
-198820	93053	Undirected	5.0
-198820	-40448	Undirected	5.0
-198820	-30909	Undirected	5.0
-198820	-49749	Undirected	5.0
-198820	57752	Undirected	5.0
-198820	118024	Undirected	5.0
-198820	-440293	Undirected	5.0
-198820	21727	Undirected	5.0
-198820	114123	Undirected	5.0
-198820	-448598	Undirected	5.0
-198820	-441051	Undirected	5.0
-198820	-246854	Undirected	5.0
-198820	32178	Undirected	5.0
-198820	106640	Undirected	4.0
-198820	82103	Undirected	4.0
-198820	29823	Undirected	4.0
-198820	-429174	Undirected	4.0
-198820	-116491	Undirected	4.0
-198820	74829	Undirected	4.0
-395121	-25307	Undirected	5.0
-395121	-111157	Undirected	5.0
-395121	-6882	Undirected	5.0
-395121	93053	Undirected	5.0
-395121	-40448	Undirected	5.0
-395121	-30909	Undirected	5.0
-395121	-49749	Undirected	5.0
-395121	57752	Undirected	5.0
-395121	118024	Undirected	5.0
-395121	-440293	Undirected	5.0
-395121	21727	Undirected	5.0
-395121	114123	Undirected	5.0
-395121	-448598	Undirected	5.0
-395121	-441051	Undirected	5.0
-395121	-246854	Undirected	5.0
-395121	32178	Undirected	5.0
-395121	106640	Undirected	4.0
-395121	82103	Undirected	4.0
-395121	29823	Undirected	4.0
-395121	-429174	Undirected	4.0
-395121	-116491	Undirected	4.0
-395121	74829	Undirected	4.0
-25307	-111157	Undirected	5.0
-25307	-6882	Undirected	5.0
-25307	93053	Undirected	5.0
-25307	-40448	Undirected	5.0
-25307	-30909	Undirected	5.0
-25307	-49749	Undirected	5.0
-25307	57752	Undirected	5.0
-25307	118024	Undirected	5.0
-25307	-440293	Undirected	5.0
-25307	21727	Undirected	5.0
-25307	114123	Undirected	5.0
-25307	-448598	Undirected	5.0
-25307	-441051	Undirected	5.0
-25307	-246854	Undirected	5.0
-25307	32178	Undirected	5.0
-25307	106640	Undirected	4.0
-25307	82103	Undirected	4.0
-25307	29823	Undirected	4.0
-25307	-429174	Undirected	4.0
-25307	-116491	Undirected	4.0
-25307	74829	Undirected	4.0
-111157	-6882	Undirected	5.0
-111157	93053	Undirected	5.0
-111157	-40448	Undirected	5.0
-111157	-30909	Undirected	5.0
-111157	-49749	Undirected	5.0
-111157	57752	Undirected	5.0
-111157	118024	Undirected	5.0
-111157	-440293	Undirected	5.0
-111157	21727	Undirected	5.0
-111157	114123	Undirected	5.0
-111157	-448598	Undirected	5.0
-111157	-441051	Undirected	5.0
-111157	-246854	Undirected	5.0
-111157	32178	Undirected	5.0
-111157	106640	Undirected	4.0
-111157	82103	Undirected	4.0
-111157	29823	Undirected	4.0
-111157	-429174	Undirected	4.0
-111157	-116491	Undirected	4.0
-111157	74829	Undirected	4.0
-6882	93053	Undirected	5.0
-6882	-40448	Undirected	5.0
-6882	-30909	Undirected	5.0
-6882	-49749	Undirected	5.0
-6882	57752	Undirected	5.0
-6882	118024	Undirected	5.0
-6882	-440293	Undirected	5.0
-6882	21727	Undirected	5.0
-6882	114123	Undirected	5.0
-6882	-448598	Undirected	5.0
-6882	-441051	Undirected	5.0
-6882	-246854	Undirected	5.0
-6882	32178	Undirected	5.0
-6882	106640	Undirected	4.0
-6882	82103	Undirected	4.0
-6882	29823	Undirected	4.0
-6882	-429174	Undirected	4.0
-6882	-116491	Undirected	4.0
-6882	74829	Undirected	4.0
93053	-40448	Undirected	5.0
93053	-30909	Undirected	5.0
93053	-49749	Undirected	5.0
93053	57752	Undirected	5.0
93053	118024	Undirected	5.0
93053	-440293	Undirected	5.0
93053	21727	Undirected	5.0
93053	114123	Undirected	5.0
93053	-448598	Undirected	5.0
93053	-441051	Undirected	5.0
93053	-246854	Undirected	5.0
93053	32178	Undirected	5.0
93053	106640	Undirected	4.0
93053	82103	Undirected	4.0
93053	29823	Undirected	4.0
93053	-429174	Undirected	4.0
93053	-116491	Undirected	4.0
93053	74829	Undirected	4.0
-40448	-30909	Undirected	5.0
-40448	-49749	Undirected	5.0
-40448	57752	Undirected	5.0
-40448	118024	Undirected	5.0
-40448	-440293	Undirected	5.0
-40448	21727	Undirected	5.0
-40448	114123	Undirected	5.0
-40448	-448598	Undirected	5.0
-40448	-441051	Undirected	5.0
-40448	-246854	Undirected	5.0
-40448	32178	Undirected	5.0
-40448	106640	Undirected	4.0
-40448	82103	Undirected	4.0
-40448	29823	Undirected	4.0
-40448	-429174	Undirected	4.0
-40448	-116491	Undirected	4.0
-40448	74829	Undirected	4.0
-30909	-49749	Undirected	5.0
-30909	57752	Undirected	5.0
-30909	118024	Undirected	5.0
-30909	-440293	Undirected	5.0
-30909	21727	Undirected	5.0
-30909	114123	Undirected	5.0
-30909	-448598	Undirected	5.0
-30909	-441051	Undirected	5.0
-30909	-246854	Undirected	5.0
-30909	32178	Undirected	5.0
-30909	106640	Undirected	4.0
-30909	82103	Undirected	4.0
-30909	29823	Undirected	4.0
-30909	-429174	Undirected	4.0
-30909	-116491	Undirected	4.0
-30909	74829	Undirected	4.0
-49749	57752	Undirected	5.0
-49749	118024	Undirected	5.0
-49749	-440293	Undirected	5.0
-49749	21727	Undirected	5.0
-49749	114123	Undirected	5.0
-49749	-448598	Undirected	5.0
-49749	-441051	Undirected	5.0
-49749	-246854	Undirected	5.0
-49749	32178	Undirected	5.0
-49749	106640	Undirected	4.0
-49749	82103	Undirected	4.0
-49749	29823	Undirected	4.0
-49749	-429174	Undirected	4.0
-49749	-116491	Undirected	4.0
-49749	74829	Undirected	4.0
57752	118024	Undirected	5.0
57752	-440293	Undirected	5.0
57752	21727	Undirected	5.0
57752	114123	Undirected	5.0
57752	-448598	Undirected	5.0
57752	-441051	Undirected	5.0
57752	-246854	Undirected	5.0
57752	32178	Undirected	7.0
57752	106640	Undirected	4.0
57752	82103	Undirected	4.0
57752	29823	Undirected	4.0
57752	-429174	Undirected	4.0
57752	-116491	Undirected	4.0
57752	74829	Undirected	4.0
57752	66455	Undirected	4.0
57752	-16489	Undirected	4.0
118024	-440293	Undirected	5.0
118024	21727	Undirected	5.0
118024	114123	Undirected	5.0
118024	-448598	Undirected	5.0
118024	-441051	Undirected	5.0
118024	-246854	Undirected	5.0
118024	32178	Undirected	5.0
118024	106640	Undirected	4.0
118024	82103	Undirected	4.0
118024	29823	Undirected	4.0
118024	-429174	Undirected	4.0
118024	-116491	Undirected	4.0
118024	74829	Undirected	4.0
-440293	21727	Undirected	5.0
-440293	114123	Undirected	5.0
-440293	-448598	Undirected	5.0
-440293	-441051	Undirected	5.0
-440293	-246854	Undirected	5.0
-440293	32178	Undirected	5.0
-440293	106640	Undirected	4.0
-440293	82103	Undirected	4.0
-440293	29823	Undirected	4.0
-440293	-429174	Undirected	4.0
-440293	-116491	Undirected	4.0
-440293	74829	Undirected	4.0
21727	114123	Undirected	5.0
21727	-448598	Undirected	5.0
21727	-441051	Undirected	5.0
21727	-246854	Undirected	5.0
21727	32178	Undirected	5.0
21727	106640	Undirected	4.0
21727	82103	Undirected	4.0
21727	29823	Undirected	4.0
21727	-429174	Undirected	4.0
21727	-116491	Undirected	4.0
21727	74829	Undirected	4.0
114123	-448598	Undirected	5.0
114123	-441051	Undirected	5.0
114123	-246854	Undirected	5.0
114123	32178	Undirected	5.0
114123	106640	Undirected	4.0
114123	82103	Undirected	4.0
114123	29823	Undirected	4.0
114123	-429174	Undirected	4.0
114123	-116491	Undirected	4.0
114123	74829	Undirected	4.0
-448598	-441051	Undirected	5.0
-448598	-246854	Undirected	5.0
-448598	32178	Undirected	5.0
-448598	106640	Undirected	4.0
-448598	82103	Undirected	4.0
-448598	29823	Undirected	4.0
-448598	-429174	Undirected	4.0
-448598	-116491	Undirected	4.0
-448598	74829	Undirected	4.0
-441051	-246854	Undirected	5.0
-441051	32178	Undirected	5.0
-441051	106640	Undirected	4.0
-441051	82103	Undirected	4.0
-441051	29823	Undirected	4.0
-441051	-429174	Undirected	4.0
-441051	-116491	Undirected	4.0
-441051	74829	Undirected	4.0
-246854	32178	Undirected	5.0
-246854	106640	Undirected	4.0
-246854	82103	Undirected	4.0
-246854	29823	Undirected	4.0
-246854	-429174	Undirected	4.0
-246854	-116491	Undirected	4.0
-246854	74829	Undirected	4.0
32178	106640	Undirected	4.0
32178	82103	Undirected	4.0
32178	29823	Undirected	4.0
32178	-429174	Undirected	4.0
32178	-116491	Undirected	4.0
32178	74829	Undirected	4.0
32178	66455	Undirected	4.0
32178	-16489	Undirected	4.0
106640	82103	Undirected	5.0
106640	29823	Undirected	5.0
106640	-429174	Undirected	5.0
106640	-116491	Undirected	5.0
106640	74829	Undirected	5.0
82103	29823	Undirected	5.0
82103	-429174	Undirected	5.0
82103	-116491	Undirected	5.0
82103	74829	Undirected	5.0
29823	-429174	Undirected	5.0
29823	-116491	Undirected	5.0
29823	74829	Undirected	5.0
-429174	-116491	Undirected	5.0
-429174	74829	Undirected	5.0
-116491	74829	Undirected	5.0
61980	115982	Undirected	4.0
61980	66455	Undirected	4.0
61980	69545	Undirected	4.0
115982	66455	Undirected	4.0
115982	69545	Undirected	4.0
66455	69545	Undirected	4.0
66455	54239	Undirected	4.0
-121488	-213872	Undirected	8.0
-121488	50928	Undirected	8.0
-121488	-186148	Undirected	8.0
-121488	-102134	Undirected	8.0
-121488	-102120	Undirected	8.0
-121488	-88091	Undirected	8.0
-121488	-88122	Undirected	8.0
-121488	90582	Undirected	8.0
-121488	15837	Undirected	8.0
-121488	58496	Undirected	8.0
-121488	54861	Undirected	8.0
-121488	123557	Undirected	8.0
-121488	102051	Undirected	8.0
-121488	57895	Undirected	8.0
-121488	58780	Undirected	8.0
-121488	-222053	Undirected	8.0
-121488	-368728	Undirected	8.0
-121488	-399142	Undirected	6.0
-121488	34342	Undirected	6.0
-121488	-209472	Undirected	6.0
-121488	50252	Undirected	6.0
-121488	54005	Undirected	6.0
-121488	-154535	Undirected	6.0
-121488	-124688	Undirected	6.0
-121488	-11230	Undirected	6.0
-121488	679	Undirected	6.0
-121488	-117265	Undirected	6.0
-121488	-163850	Undirected	6.0
-121488	-49647	Undirected	6.0
-121488	40306	Undirected	6.0
-121488	15519	Undirected	6.0
-121488	26550	Undirected	6.0
-121488	26587	Undirected	6.0
-121488	68422	Undirected	6.0
-121488	-227962	Undirected	6.0
-121488	103969	Undirected	6.0
-121488	59459	Undirected	4.0
-121488	31821	Undirected	4.0
-121488	-210456	Undirected	4.0
-121488	-395173	Undirected	5.0
-121488	-156387	Undirected	4.0
-121488	-9371	Undirected	4.0
-121488	-7023	Undirected	4.0
-121488	102784	Undirected	4.0
-121488	27234	Undirected	4.0
-121488	-435920	Undirected	4.0
-213872	50928	Undirected	8.0
-213872	-186148	Undirected	8.0
-213872	-102134	Undirected	8.0
-213872	-102120	Undirected	8.0
-213872	-88091	Undirected	8.0
-213872	-88122	Undirected	8.0
-213872	90582	Undirected	8.0
-213872	15837	Undirected	8.0
-213872	58496	Undirected	8.0
-213872	54861	Undirected	8.0
-213872	123557	Undirected	8.0
-213872	102051	Undirected	8.0
-213872	57895	Undirected	8.0
-213872	58780	Undirected	8.0
-213872	-222053	Undirected	8.0
-213872	-368728	Undirected	8.0
-213872	-399142	Undirected	5.0
-213872	34342	Undirected	5.0
-213872	-209472	Undirected	5.0
-213872	50252	Undirected	5.0
-213872	54005	Undirected	5.0
-213872	-154535	Undirected	5.0
-213872	-124688	Undirected	5.0
-213872	-11230	Undirected	5.0
-213872	679	Undirected	5.0
-213872	-117265	Undirected	5.0
-213872	-163850	Undirected	5.0
-213872	-49647	Undirected	5.0
-213872	40306	Undirected	5.0
-213872	15519	Undirected	5.0
-213872	26550	Undirected	5.0
-213872	26587	Undirected	5.0
-213872	68422	Undirected	5.0
-213872	-227962	Undirected	5.0
-213872	103969	Undirected	5.0
-213872	-395173	Undirected	4.0
50928	-186148	Undirected	8.0
50928	-102134	Undirected	8.0
50928	-102120	Undirected	8.0
50928	-88091	Undirected	8.0
50928	-88122	Undirected	8.0
50928	90582	Undirected	8.0
50928	15837	Undirected	8.0
50928	58496	Undirected	8.0
50928	54861	Undirected	8.0
50928	123557	Undirected	8.0
50928	102051	Undirected	8.0
50928	57895	Undirected	8.0
50928	58780	Undirected	8.0
50928	-222053	Undirected	8.0
50928	-368728	Undirected	8.0
50928	-399142	Undirected	5.0
50928	34342	Undirected	5.0
50928	-209472	Undirected	5.0
50928	50252	Undirected	5.0
50928	54005	Undirected	5.0
50928	-154535	Undirected	5.0
50928	-124688	Undirected	5.0
50928	-11230	Undirected	5.0
50928	679	Undirected	5.0
50928	-117265	Undirected	5.0
50928	-163850	Undirected	5.0
50928	-49647	Undirected	5.0
50928	40306	Undirected	5.0
50928	15519	Undirected	5.0
50928	26550	Undirected	5.0
50928	26587	Undirected	5.0
50928	68422	Undirected	5.0
50928	-227962	Undirected	5.0
50928	103969	Undirected	5.0
50928	-395173	Undirected	4.0
-186148	-102134	Undirected	8.0
-186148	-102120	Undirected	8.0
-186148	-88091	Undirected	8.0
-186148	-88122	Undirected	8.0
-186148	90582	Undirected	8.0
-186148	15837	Undirected	8.0
-186148	58496	Undirected	8.0
-186148	54861	Undirected	8.0
-186148	123557	Undirected	8.0
-186148	102051	Undirected	8.0
-186148	57895	Undirected	8.0
-186148	58780	Undirected	8.0
-186148	-222053	Undirected	8.0
-186148	-368728	Undirected	8.0
-186148	-399142	Undirected	5.0
-186148	34342	Undirected	5.0
-186148	-209472	Undirected	5.0
-186148	50252	Undirected	5.0
-186148	54005	Undirected	5.0
-186148	-154535	Undirected	5.0
-186148	-124688	Undirected	5.0
-186148	-11230	Undirected	5.0
-186148	679	Undirected	5.0
-186148	-117265	Undirected	5.0
-186148	-163850	Undirected	5.0
-186148	-49647	Undirected	5.0
-186148	40306	Undirected	5.0
-186148	15519	Undirected	5.0
-186148	26550	Undirected	5.0
-186148	26587	Undirected	5.0
-186148	68422	Undirected	5.0
-186148	-227962	Undirected	5.0
-186148	103969	Undirected	5.0
-186148	-395173	Undirected	4.0
-102134	-102120	Undirected	8.0
-102134	-88091	Undirected	8.0
-102134	-88122	Undirected	8.0
-102134	90582	Undirected	8.0
-102134	15837	Undirected	8.0
-102134	58496	Undirected	8.0
-102134	54861	Undirected	8.0
-102134	123557	Undirected	8.0
-102134	102051	Undirected	8.0
-102134	57895	Undirected	8.0
-102134	58780	Undirected	8.0
-102134	-222053	Undirected	8.0
-102134	-368728	Undirected	8.0
-102134	-399142	Undirected	5.0
-102134	34342	Undirected	5.0
-102134	-209472	Undirected	5.0
-102134	50252	Undirected	5.0
-102134	54005	Undirected	5.0
-102134	-154535	Undirected	5.0
-102134	-124688	Undirected	5.0
-102134	-11230	Undirected	5.0
-102134	679	Undirected	5.0
-102134	-117265	Undirected	5.0
-102134	-163850	Undirected	5.0
-102134	-49647	Undirected	5.0
-102134	40306	Undirected	5.0
-102134	15519	Undirected	5.0
-102134	26550	Undirected	5.0
-102134	26587	Undirected	5.0
-102134	68422	Undirected	5.0
-102134	-227962	Undirected	5.0
-102134	103969	Undirected	5.0
-102134	-395173	Undirected	4.0
-102120	-88091	Undirected	8.0
-102120	-88122	Undirected	8.0
-102120	90582	Undirected	8.0
-102120	15837	Undirected	8.0
-102120	58496	Undirected	8.0
-102120	54861	Undirected	8.0
-102120	123557	Undirected	8.0
-102120	102051	Undirected	8.0
-102120	57895	Undirected	8.0
-102120	58780	Undirected	8.0
-102120	-222053	Undirected	8.0
-102120	-368728	Undirected	8.0
-102120	-399142	Undirected	5.0
-102120	34342	Undirected	5.0
-102120	-209472	Undirected	5.0
-102120	50252	Undirected	5.0
-102120	54005	Undirected	5.0
-102120	-154535	Undirected	5.0
-102120	-124688	Undirected	5.0
-102120	-11230	Undirected	5.0
-102120	679	Undirected	5.0
-102120	-117265	Undirected	5.0
-102120	-163850	Undirected	5.0
-102120	-49647	Undirected	5.0
-102120	40306	Undirected	5.0
-102120	15519	Undirected	5.0
-102120	26550	Undirected	5.0
-102120	26587	Undirected	5.0
-102120	68422	Undirected	5.0
-102120	-227962	Undirected	5.0
-102120	103969	Undirected	5.0
-102120	-395173	Undirected	4.0
-88091	-88122	Undirected	8.0
-88091	90582	Undirected	8.0
-88091	15837	Undirected	8.0
-88091	58496	Undirected	8.0
-88091	54861	Undirected	8.0
-88091	123557	Undirected	8.0
-88091	102051	Undirected	8.0
-88091	57895	Undirected	8.0
-88091	58780	Undirected	8.0
-88091	-222053	Undirected	8.0
-88091	-368728	Undirected	8.0
-88091	-399142	Undirected	5.0
-88091	34342	Undirected	5.0
-88091	-209472	Undirected	5.0
-88091	50252	Undirected	5.0
-88091	54005	Undirected	5.0
-88091	-154535	Undirected	5.0
-88091	-124688	Undirected	5.0
-88091	-11230	Undirected	5.0
-88091	679	Undirected	5.0
-88091	-117265	Undirected	5.0
-88091	-163850	Undirected	5.0
-88091	-49647	Undirected	5.0
-88091	40306	Undirected	5.0
-88091	15519	Undirected	5.0
-88091	26550	Undirected	5.0
-88091	26587	Undirected	5.0
-88091	68422	Undirected	5.0
-88091	-227962	Undirected	5.0
-88091	103969	Undirected	5.0
-88091	-395173	Undirected	4.0
-88122	90582	Undirected	8.0
-88122	15837	Undirected	8.0
-88122	58496	Undirected	8.0
-88122	54861	Undirected	8.0
-88122	123557	Undirected	8.0
-88122	102051	Undirected	8.0
-88122	57895	Undirected	8.0
-88122	58780	Undirected	8.0
-88122	-222053	Undirected	8.0
-88122	-368728	Undirected	8.0
-88122	-399142	Undirected	5.0
-88122	34342	Undirected	5.0
-88122	-209472	Undirected	5.0
-88122	50252	Undirected	5.0
-88122	54005	Undirected	5.0
-88122	-154535	Undirected	5.0
-88122	-124688	Undirected	5.0
-88122	-11230	Undirected	5.0
-88122	679	Undirected	5.0
-88122	-117265	Undirected	5.0
-88122	-163850	Undirected	5.0
-88122	-49647	Undirected	5.0
-88122	40306	Undirected	5.0
-88122	15519	Undirected	5.0
-88122	26550	Undirected	5.0
-88122	26587	Undirected	5.0
-88122	68422	Undirected	5.0
-88122	-227962	Undirected	5.0
-88122	103969	Undirected	5.0
-88122	-395173	Undirected	4.0
90582	15837	Undirected	8.0
90582	58496	Undirected	8.0
90582	54861	Undirected	8.0
90582	123557	Undirected	8.0
90582	102051	Undirected	8.0
90582	57895	Undirected	8.0
90582	58780	Undirected	8.0
90582	-222053	Undirected	8.0
90582	-368728	Undirected	8.0
90582	-399142	Undirected	5.0
90582	34342	Undirected	5.0
90582	-209472	Undirected	5.0
90582	50252	Undirected	5.0
90582	54005	Undirected	5.0
90582	-154535	Undirected	5.0
90582	-124688	Undirected	5.0
90582	-11230	Undirected	5.0
90582	679	Undirected	5.0
90582	-117265	Undirected	5.0
90582	-163850	Undirected	5.0
90582	-49647	Undirected	5.0
90582	40306	Undirected	5.0
90582	15519	Undirected	5.0
90582	26550	Undirected	5.0
90582	26587	Undirected	5.0
90582	68422	Undirected	5.0
90582	-227962	Undirected	5.0
90582	103969	Undirected	5.0
90582	-395173	Undirected	4.0
15837	58496	Undirected	8.0
15837	54861	Undirected	8.0
15837	123557	Undirected	8.0
15837	102051	Undirected	8.0
15837	57895	Undirected	8.0
15837	58780	Undirected	8.0
15837	-222053	Undirected	8.0
15837	-368728	Undirected	8.0
15837	-399142	Undirected	5.0
15837	34342	Undirected	5.0
15837	-209472	Undirected	5.0
15837	50252	Undirected	5.0
15837	54005	Undirected	5.0
15837	-154535	Undirected	5.0
15837	-124688	Undirected	5.0
15837	-11230	Undirected	5.0
15837	679	Undirected	5.0
15837	-117265	Undirected	5.0
15837	-163850	Undirected	5.0
15837	-49647	Undirected	5.0
15837	40306	Undirected	5.0
15837	15519	Undirected	5.0
15837	26550	Undirected	5.0
15837	26587	Undirected	5.0
15837	68422	Undirected	5.0
15837	-227962	Undirected	5.0
15837	103969	Undirected	5.0
15837	-395173	Undirected	4.0
58496	54861	Undirected	8.0
58496	123557	Undirected	8.0
58496	102051	Undirected	8.0
58496	57895	Undirected	8.0
58496	58780	Undirected	8.0
58496	-222053	Undirected	8.0
58496	-368728	Undirected	8.0
58496	-399142	Undirected	5.0
58496	34342	Undirected	5.0
58496	-209472	Undirected	5.0
58496	50252	Undirected	5.0
58496	54005	Undirected	5.0
58496	-154535	Undirected	5.0
58496	-124688	Undirected	5.0
58496	-11230	Undirected	5.0
58496	679	Undirected	5.0
58496	-117265	Undirected	5.0
58496	-163850	Undirected	5.0
58496	-49647	Undirected	5.0
58496	40306	Undirected	5.0
58496	15519	Undirected	5.0
58496	26550	Undirected	5.0
58496	26587	Undirected	5.0
58496	68422	Undirected	5.0
58496	-227962	Undirected	5.0
58496	103969	Undirected	5.0
58496	-395173	Undirected	4.0
54861	123557	Undirected	8.0
54861	102051	Undirected	8.0
54861	57895	Undirected	8.0
54861	58780	Undirected	10.0
54861	-222053	Undirected	8.0
54861	-368728	Undirected	8.0
54861	-399142	Undirected	5.0
54861	34342	Undirected	5.0
54861	-209472	Undirected	5.0
54861	50252	Undirected	5.0
54861	54005	Undirected	5.0
54861	-154535	Undirected	5.0
54861	-124688	Undirected	5.0
54861	-11230	Undirected	5.0
54861	679	Undirected	5.0
54861	-117265	Undirected	5.0
54861	-163850	Undirected	5.0
54861	-49647	Undirected	5.0
54861	40306	Undirected	5.0
54861	15519	Undirected	5.0
54861	26550	Undirected	5.0
54861	26587	Undirected	5.0
54861	68422	Undirected	5.0
54861	-227962	Undirected	5.0
54861	103969	Undirected	5.0
54861	-395173	Undirected	5.0
54861	29807	Undirected	4.0
54861	124192	Undirected	4.0
54861	114122	Undirected	4.0
123557	102051	Undirected	8.0
123557	57895	Undirected	8.0
123557	58780	Undirected	8.0
123557	-222053	Undirected	8.0
123557	-368728	Undirected	8.0
123557	-399142	Undirected	5.0
123557	34342	Undirected	5.0
123557	-209472	Undirected	5.0
123557	50252	Undirected	5.0
123557	54005	Undirected	5.0
123557	-154535	Undirected	5.0
123557	-124688	Undirected	5.0
123557	-11230	Undirected	5.0
123557	679	Undirected	5.0
123557	-117265	Undirected	5.0
123557	-163850	Undirected	5.0
123557	-49647	Undirected	5.0
123557	40306	Undirected	5.0
123557	15519	Undirected	5.0
123557	26550	Undirected	5.0
123557	26587	Undirected	5.0
123557	68422	Undirected	5.0
123557	-227962	Undirected	5.0
123557	103969	Undirected	5.0
123557	-395173	Undirected	4.0
102051	57895	Undirected	8.0
102051	58780	Undirected	8.0
102051	-222053	Undirected	8.0
102051	-368728	Undirected	8.0
102051	-399142	Undirected	5.0
102051	34342	Undirected	5.0
102051	-209472	Undirected	5.0
102051	50252	Undirected	5.0
102051	54005	Undirected	5.0
102051	-154535	Undirected	5.0
102051	-124688	Undirected	5.0
102051	-11230	Undirected	5.0
102051	679	Undirected	5.0
102051	-117265	Undirected	5.0
102051	-163850	Undirected	5.0
102051	-49647	Undirected	5.0
102051	40306	Undirected	5.0
102051	15519	Undirected	5.0
102051	26550	Undirected	5.0
102051	26587	Undirected	5.0
102051	68422	Undirected	5.0
102051	-227962	Undirected	5.0
102051	103969	Undirected	5.0
102051	-395173	Undirected	4.0
57895	58780	Undirected	8.0
57895	-222053	Undirected	8.0
57895	-368728	Undirected	8.0
57895	-399142	Undirected	6.0
57895	34342	Undirected	5.0
57895	-209472	Undirected	5.0
57895	50252	Undirected	5.0
57895	54005	Undirected	5.0
57895	-154535	Undirected	5.0
57895	-124688	Undirected	5.0
57895	-11230	Undirected	5.0
57895	679	Undirected	7.0
57895	-117265	Undirected	5.0
57895	-163850	Undirected	5.0
57895	-49647	Undirected	6.0
57895	40306	Undirected	5.0
57895	15519	Undirected	5.0
57895	26550	Undirected	7.0
57895	26587	Undirected	5.0
57895	68422	Undirected	5.0
57895	-227962	Undirected	5.0
57895	103969	Undirected	5.0
57895	31821	Undirected	5.0
57895	-395173	Undirected	4.0
57895	-9371	Undirected	5.0
57895	102784	Undirected	5.0
57895	13273	Undirected	4.0
58780	-222053	Undirected	8.0
58780	-368728	Undirected	8.0
58780	-399142	Undirected	5.0
58780	34342	Undirected	5.0
58780	-209472	Undirected	5.0
58780	50252	Undirected	5.0
58780	54005	Undirected	5.0
58780	-154535	Undirected	5.0
58780	-124688	Undirected	5.0
58780	-11230	Undirected	5.0
58780	679	Undirected	5.0
58780	-117265	Undirected	5.0
58780	-163850	Undirected	5.0
58780	-49647	Undirected	5.0
58780	40306	Undirected	5.0
58780	15519	Undirected	5.0
58780	26550	Undirected	5.0
58780	26587	Undirected	5.0
58780	68422	Undirected	5.0
58780	-227962	Undirected	5.0
58780	103969	Undirected	5.0
58780	-395173	Undirected	5.0
58780	29807	Undirected	4.0
58780	124192	Undirected	4.0
58780	114122	Undirected	4.0
-222053	-368728	Undirected	8.0
-222053	-399142	Undirected	5.0
-222053	34342	Undirected	5.0
-222053	-209472	Undirected	5.0
-222053	50252	Undirected	5.0
-222053	54005	Undirected	5.0
-222053	-154535	Undirected	5.0
-222053	-124688	Undirected	5.0
-222053	-11230	Undirected	5.0
-222053	679	Undirected	5.0
-222053	-117265	Undirected	5.0
-222053	-163850	Undirected	5.0
-222053	-49647	Undirected	5.0
-222053	40306	Undirected	5.0
-222053	15519	Undirected	5.0
-222053	26550	Undirected	5.0
-222053	26587	Undirected	5.0
-222053	68422	Undirected	5.0
-222053	-227962	Undirected	5.0
-222053	103969	Undirected	5.0
-222053	-395173	Undirected	4.0
-368728	-399142	Undirected	5.0
-368728	34342	Undirected	5.0
-368728	-209472	Undirected	5.0
-368728	50252	Undirected	5.0
-368728	54005	Undirected	5.0
-368728	-154535	Undirected	5.0
-368728	-124688	Undirected	5.0
-368728	-11230	Undirected	5.0
-368728	679	Undirected	5.0
-368728	-117265	Undirected	5.0
-368728	-163850	Undirected	5.0
-368728	-49647	Undirected	5.0
-368728	40306	Undirected	5.0
-368728	15519	Undirected	5.0
-368728	26550	Undirected	5.0
-368728	26587	Undirected	5.0
-368728	68422	Undirected	5.0
-368728	-227962	Undirected	5.0
-368728	103969	Undirected	5.0
-368728	-395173	Undirected	4.0
-399142	34342	Undirected	9.0
-399142	-209472	Undirected	9.0
-399142	50252	Undirected	9.0
-399142	54005	Undirected	9.0
-399142	-154535	Undirected	9.0
-399142	-124688	Undirected	9.0
-399142	-11230	Undirected	9.0
-399142	679	Undirected	10.0
-399142	-117265	Undirected	9.0
-399142	-163850	Undirected	9.0
-399142	-49647	Undirected	10.0
-399142	40306	Undirected	9.0
-399142	15519	Undirected	9.0
-399142	26550	Undirected	10.0
-399142	26587	Undirected	9.0
-399142	68422	Undirected	9.0
-399142	-227962	Undirected	9.0
-399142	103969	Undirected	9.0
-399142	59459	Undirected	4.0
-399142	31821	Undirected	5.0
-399142	-210456	Undirected	4.0
-399142	-395173	Undirected	5.0
-399142	-156387	Undirected	4.0
-399142	-9371	Undirected	5.0
-399142	-7023	Undirected	4.0
-399142	102784	Undirected	5.0
-399142	27234	Undirected	4.0
-399142	-435920	Undirected	4.0
34342	-209472	Undirected	9.0
34342	50252	Undirected	9.0
34342	54005	Undirected	9.0
34342	-154535	Undirected	9.0
34342	-124688	Undirected	9.0
34342	-11230	Undirected	9.0
34342	679	Undirected	9.0
34342	-117265	Undirected	9.0
34342	-163850	Undirected	9.0
34342	-49647	Undirected	9.0
34342	40306	Undirected	9.0
34342	15519	Undirected	9.0
34342	26550	Undirected	9.0
34342	26587	Undirected	9.0
34342	68422	Undirected	9.0
34342	-227962	Undirected	9.0
34342	103969	Undirected	9.0
34342	59459	Undirected	4.0
34342	31821	Undirected	4.0
34342	-210456	Undirected	4.0
34342	-395173	Undirected	5.0
34342	-156387	Undirected	4.0
34342	-9371	Undirected	4.0
34342	-7023	Undirected	4.0
34342	102784	Undirected	4.0
34342	27234	Undirected	4.0
34342	-435920	Undirected	4.0
-209472	50252	Undirected	9.0
-209472	54005	Undirected	9.0
-209472	-154535	Undirected	9.0
-209472	-124688	Undirected	9.0
-209472	-11230	Undirected	9.0
-209472	679	Undirected	9.0
-209472	-117265	Undirected	9.0
-209472	-163850	Undirected	9.0
-209472	-49647	Undirected	9.0
-209472	40306	Undirected	9.0
-209472	15519	Undirected	9.0
-209472	26550	Undirected	9.0
-209472	26587	Undirected	9.0
-209472	68422	Undirected	9.0
-209472	-227962	Undirected	9.0
-209472	103969	Undirected	9.0
-209472	59459	Undirected	4.0
-209472	31821	Undirected	4.0
-209472	-210456	Undirected	4.0
-209472	-395173	Undirected	5.0
-209472	-156387	Undirected	4.0
-209472	-9371	Undirected	4.0
-209472	-7023	Undirected	4.0
-209472	102784	Undirected	4.0
-209472	27234	Undirected	4.0
-209472	-435920	Undirected	4.0
50252	54005	Undirected	9.0
50252	-154535	Undirected	9.0
50252	-124688	Undirected	9.0
50252	-11230	Undirected	9.0
50252	679	Undirected	9.0
50252	-117265	Undirected	9.0
50252	-163850	Undirected	9.0
50252	-49647	Undirected	9.0
50252	40306	Undirected	9.0
50252	15519	Undirected	9.0
50252	26550	Undirected	9.0
50252	26587	Undirected	9.0
50252	68422	Undirected	9.0
50252	-227962	Undirected	9.0
50252	103969	Undirected	9.0
50252	59459	Undirected	4.0
50252	31821	Undirected	4.0
50252	-210456	Undirected	4.0
50252	-395173	Undirected	5.0
50252	-156387	Undirected	4.0
50252	-9371	Undirected	4.0
50252	-7023	Undirected	4.0
50252	102784	Undirected	4.0
50252	27234	Undirected	4.0
50252	-435920	Undirected	4.0
54005	-154535	Undirected	9.0
54005	-124688	Undirected	9.0
54005	-11230	Undirected	9.0
54005	679	Undirected	9.0
54005	-117265	Undirected	9.0
54005	-163850	Undirected	9.0
54005	-49647	Undirected	9.0
54005	40306	Undirected	9.0
54005	15519	Undirected	9.0
54005	26550	Undirected	9.0
54005	26587	Undirected	9.0
54005	68422	Undirected	9.0
54005	-227962	Undirected	9.0
54005	103969	Undirected	9.0
54005	59459	Undirected	4.0
54005	31821	Undirected	4.0
54005	-210456	Undirected	4.0
54005	-395173	Undirected	5.0
54005	-156387	Undirected	4.0
54005	-9371	Undirected	4.0
54005	-7023	Undirected	4.0
54005	102784	Undirected	4.0
54005	27234	Undirected	4.0
54005	-435920	Undirected	4.0
-154535	-124688	Undirected	9.0
-154535	-11230	Undirected	9.0
-154535	679	Undirected	9.0
-154535	-117265	Undirected	9.0
-154535	-163850	Undirected	9.0
-154535	-49647	Undirected	9.0
-154535	40306	Undirected	9.0
-154535	15519	Undirected	9.0
-154535	26550	Undirected	9.0
-154535	26587	Undirected	9.0
-154535	68422	Undirected	9.0
-154535	-227962	Undirected	9.0
-154535	103969	Undirected	10.0
-154535	59459	Undirected	4.0
-154535	31821	Undirected	4.0
-154535	-210456	Undirected	4.0
-154535	-395173	Undirected	6.0
-154535	-156387	Undirected	4.0
-154535	-9371	Undirected	4.0
-154535	-7023	Undirected	4.0
-154535	102784	Undirected	4.0
-154535	27234	Undirected	6.0
-154535	-435920	Undirected	4.0
-124688	-11230	Undirected	9.0
-124688	679	Undirected	9.0
-124688	-117265	Undirected	9.0
-124688	-163850	Undirected	9.0
-124688	-49647	Undirected	9.0
-124688	40306	Undirected	9.0
-124688	15519	Undirected	9.0
-124688	26550	Undirected	9.0
-124688	26587	Undirected	9.0
-124688	68422	Undirected	9.0
-124688	-227962	Undirected	9.0
-124688	103969	Undirected	9.0
-124688	59459	Undirected	4.0
-124688	31821	Undirected	4.0
-124688	-210456	Undirected	4.0
-124688	-395173	Undirected	5.0
-124688	-156387	Undirected	4.0
-124688	-9371	Undirected	4.0
-124688	-7023	Undirected	4.0
-124688	102784	Undirected	4.0
-124688	27234	Undirected	4.0
-124688	-435920	Undirected	4.0
-11230	679	Undirected	9.0
-11230	-117265	Undirected	9.0
-11230	-163850	Undirected	9.0
-11230	-49647	Undirected	9.0
-11230	40306	Undirected	9.0
-11230	15519	Undirected	9.0
-11230	26550	Undirected	9.0
-11230	26587	Undirected	9.0
-11230	68422	Undirected	9.0
-11230	-227962	Undirected	9.0
-11230	103969	Undirected	9.0
-11230	59459	Undirected	4.0
-11230	31821	Undirected	4.0
-11230	-210456	Undirected	4.0
-11230	-395173	Undirected	5.0
-11230	-156387	Undirected	4.0
-11230	-9371	Undirected	4.0
-11230	-7023	Undirected	4.0
-11230	102784	Undirected	4.0
-11230	27234	Undirected	4.0
-11230	-435920	Undirected	4.0
679	-117265	Undirected	9.0
679	-163850	Undirected	9.0
679	-49647	Undirected	10.0
679	40306	Undirected	9.0
679	15519	Undirected	9.0
679	26550	Undirected	11.0
679	26587	Undirected	9.0
679	68422	Undirected	9.0
679	-227962	Undirected	9.0
679	103969	Undirected	9.0
679	59459	Undirected	4.0
679	31821	Undirected	6.0
679	-210456	Undirected	4.0
679	-395173	Undirected	5.0
679	-156387	Undirected	4.0
679	-9371	Undirected	6.0
679	-7023	Undirected	4.0
679	102784	Undirected	6.0
679	27234	Undirected	4.0
679	-435920	Undirected	4.0
679	100637	Undirected	4.0
679	-22878	Undirected	4.0
679	-362253	Undirected	4.0
679	13273	Undirected	4.0
-117265	-163850	Undirected	9.0
-117265	-49647	Undirected	9.0
-117265	40306	Undirected	9.0
-117265	15519	Undirected	9.0
-117265	26550	Undirected	9.0
-117265	26587	Undirected	9.0
-117265	68422	Undirected	9.0
-117265	-227962	Undirected	9.0
-117265	103969	Undirected	9.0
-117265	59459	Undirected	4.0
-117265	31821	Undirected	4.0
-117265	-210456	Undirected	4.0
-117265	-395173	Undirected	5.0
-117265	-156387	Undirected	4.0
-117265	-9371	Undirected	4.0
-117265	-7023	Undirected	4.0
-117265	102784	Undirected	4.0
-117265	27234	Undirected	4.0
-117265	-435920	Undirected	4.0
-163850	-49647	Undirected	9.0
-163850	40306	Undirected	9.0
-163850	15519	Undirected	9.0
-163850	26550	Undirected	9.0
-163850	26587	Undirected	9.0
-163850	68422	Undirected	9.0
-163850	-227962	Undirected	9.0
-163850	103969	Undirected	9.0
-163850	59459	Undirected	4.0
-163850	31821	Undirected	4.0
-163850	-210456	Undirected	4.0
-163850	-395173	Undirected	5.0
-163850	-156387	Undirected	4.0
-163850	-9371	Undirected	4.0
-163850	-7023	Undirected	4.0
-163850	102784	Undirected	4.0
-163850	27234	Undirected	4.0
-163850	-435920	Undirected	4.0
-49647	40306	Undirected	9.0
-49647	15519	Undirected	9.0
-49647	26550	Undirected	10.0
-49647	26587	Undirected	9.0
-49647	68422	Undirected	9.0
-49647	-227962	Undirected	9.0
-49647	103969	Undirected	9.0
-49647	59459	Undirected	4.0
-49647	31821	Undirected	5.0
-49647	-210456	Undirected	4.0
-49647	-395173	Undirected	5.0
-49647	-156387	Undirected	4.0
-49647	-9371	Undirected	5.0
-49647	-7023	Undirected	4.0
-49647	102784	Undirected	5.0
-49647	27234	Undirected	4.0
-49647	-435920	Undirected	4.0
40306	15519	Undirected	9.0
40306	26550	Undirected	9.0
40306	26587	Undirected	9.0
40306	68422	Undirected	9.0
40306	-227962	Undirected	9.0
40306	103969	Undirected	9.0
40306	59459	Undirected	4.0
40306	31821	Undirected	4.0
40306	-210456	Undirected	4.0
40306	-395173	Undirected	5.0
40306	-156387	Undirected	4.0
40306	-9371	Undirected	4.0
40306	-7023	Undirected	4.0
40306	102784	Undirected	4.0
40306	27234	Undirected	4.0
40306	-435920	Undirected	4.0
15519	26550	Undirected	9.0
15519	26587	Undirected	9.0
15519	68422	Undirected	9.0
15519	-227962	Undirected	9.0
15519	103969	Undirected	9.0
15519	59459	Undirected	4.0
15519	31821	Undirected	4.0
15519	-210456	Undirected	4.0
15519	-395173	Undirected	5.0
15519	-156387	Undirected	4.0
15519	-9371	Undirected	4.0
15519	-7023	Undirected	4.0
15519	102784	Undirected	4.0
15519	27234	Undirected	4.0
15519	-435920	Undirected	4.0
26550	26587	Undirected	9.0
26550	68422	Undirected	9.0
26550	-227962	Undirected	9.0
26550	103969	Undirected	9.0
26550	59459	Undirected	4.0
26550	31821	Undirected	6.0
26550	-210456	Undirected	4.0
26550	-395173	Undirected	5.0
26550	-156387	Undirected	4.0
26550	-9371	Undirected	6.0
26550	-7023	Undirected	4.0
26550	102784	Undirected	6.0
26550	27234	Undirected	4.0
26550	-435920	Undirected	4.0
26550	100637	Undirected	4.0
26550	13273	Undirected	4.0
26550	6602	Undirected	4.0
26587	68422	Undirected	9.0
26587	-227962	Undirected	9.0
26587	103969	Undirected	9.0
26587	59459	Undirected	4.0
26587	31821	Undirected	4.0
26587	-210456	Undirected	4.0
26587	-395173	Undirected	5.0
26587	-156387	Undirected	4.0
26587	-9371	Undirected	4.0
26587	-7023	Undirected	4.0
26587	102784	Undirected	4.0
26587	27234	Undirected	4.0
26587	-435920	Undirected	4.0
68422	-227962	Undirected	9.0
68422	103969	Undirected	9.0
68422	59459	Undirected	4.0
68422	31821	Undirected	4.0
68422	-210456	Undirected	4.0
68422	-395173	Undirected	5.0
68422	-156387	Undirected	4.0
68422	-9371	Undirected	4.0
68422	-7023	Undirected	4.0
68422	102784	Undirected	4.0
68422	27234	Undirected	4.0
68422	-435920	Undirected	4.0
-227962	103969	Undirected	9.0
-227962	59459	Undirected	4.0
-227962	31821	Undirected	4.0
-227962	-210456	Undirected	4.0
-227962	-395173	Undirected	5.0
-227962	-156387	Undirected	4.0
-227962	-9371	Undirected	4.0
-227962	-7023	Undirected	4.0
-227962	102784	Undirected	4.0
-227962	27234	Undirected	4.0
-227962	-435920	Undirected	4.0
103969	59459	Undirected	4.0
103969	31821	Undirected	4.0
103969	-210456	Undirected	4.0
103969	-395173	Undirected	7.0
103969	-156387	Undirected	4.0
103969	-9371	Undirected	4.0
103969	-7023	Undirected	4.0
103969	102784	Undirected	4.0
103969	27234	Undirected	5.0
103969	-435920	Undirected	4.0
103969	-362298	Undirected	4.0
103969	-140023	Undirected	4.0
103969	-435967	Undirected	4.0
103969	-437916	Undirected	4.0
103969	-533001	Undirected	4.0
103969	-545013	Undirected	4.0
103969	36017	Undirected	4.0
59459	31821	Undirected	4.0
59459	-210456	Undirected	4.0
59459	-395173	Undirected	4.0
59459	-156387	Undirected	4.0
59459	-9371	Undirected	4.0
59459	-7023	Undirected	4.0
59459	102784	Undirected	4.0
59459	27234	Undirected	4.0
59459	-435920	Undirected	4.0
31821	-210456	Undirected	5.0
31821	-395173	Undirected	4.0
31821	-156387	Undirected	4.0
31821	-9371	Undirected	6.0
31821	-7023	Undirected	4.0
31821	102784	Undirected	6.0
31821	27234	Undirected	4.0
31821	-435920	Undirected	4.0
31821	100637	Undirected	4.0
31821	-22878	Undirected	4.0
31821	-150653	Undirected	4.0
31821	123858	Undirected	4.0
31821	-516991	Undirected	4.0
31821	-11031	Undirected	4.0
31821	-104967	Undirected	4.0
31821	28301	Undirected	4.0
31821	6602	Undirected	4.0
-210456	-395173	Undirected	4.0
-210456	-156387	Undirected	4.0
-210456	-9371	Undirected	4.0
-210456	-7023	Undirected	4.0
-210456	102784	Undirected	4.0
-210456	27234	Undirected	4.0
-210456	-435920	Undirected	4.0
-395173	-156387	Undirected	4.0
-395173	-9371	Undirected	4.0
-395173	-7023	Undirected	4.0
-395173	102784	Undirected	4.0
-395173	27234	Undirected	5.0
-395173	-435920	Undirected	4.0
-395173	48889	Undirected	4.0
-395173	-423371	Undirected	4.0
-395173	-437916	Undirected	5.0
-395173	-11250	Undirected	4.0
-395173	83362	Undirected	4.0
-395173	36017	Undirected	4.0
-156387	-9371	Undirected	4.0
-156387	-7023	Undirected	4.0
-156387	102784	Undirected	4.0
-156387	27234	Undirected	4.0
-156387	-435920	Undirected	4.0
-9371	-7023	Undirected	4.0
-9371	102784	Undirected	6.0
-9371	27234	Undirected	4.0
-9371	-435920	Undirected	4.0
-9371	100637	Undirected	4.0
-7023	102784	Undirected	4.0
-7023	27234	Undirected	4.0
-7023	-435920	Undirected	4.0
102784	27234	Undirected	4.0
102784	-435920	Undirected	4.0
102784	100637	Undirected	4.0
27234	-435920	Undirected	4.0
27234	14049	Undirected	4.0
27234	-437916	Undirected	4.0
-113659	100637	Undirected	5.0
-113659	14049	Undirected	4.0
-113659	-208196	Undirected	4.0
-113659	-202184	Undirected	4.0
100637	14049	Undirected	4.0
100637	-208196	Undirected	4.0
100637	-202184	Undirected	4.0
14049	-208196	Undirected	4.0
14049	-202184	Undirected	4.0
14049	-437916	Undirected	4.0
14049	-272444	Undirected	4.0
14049	-222179	Undirected	4.0
-208196	-202184	Undirected	4.0
-196384	-120186	Undirected	5.0
-196384	-81804	Undirected	5.0
-196384	-248332	Undirected	5.0
-196384	117687	Undirected	5.0
-196384	-244010	Undirected	4.0
-196384	126697	Undirected	4.0
-196384	98571	Undirected	4.0
-196384	43613	Undirected	4.0
-196384	-412209	Undirected	4.0
-196384	-504137	Undirected	4.0
-196384	108593	Undirected	4.0
-196384	101281	Undirected	4.0
-196384	-140023	Undirected	4.0
-196384	-435967	Undirected	4.0
-196384	36017	Undirected	4.0
-196384	-114894	Undirected	4.0
-196384	80062	Undirected	4.0
-196384	-443602	Undirected	4.0
-196384	123849	Undirected	4.0
-196384	78277	Undirected	4.0
-196384	128838	Undirected	4.0
-196384	-462042	Undirected	4.0
-196384	15654	Undirected	4.0
-196384	120065	Undirected	4.0
-196384	-160495	Undirected	4.0
-196384	-118249	Undirected	4.0
-196384	-115191	Undirected	4.0
-120186	-81804	Undirected	5.0
-120186	-248332	Undirected	5.0
-120186	117687	Undirected	4.0
-120186	-244010	Undirected	4.0
-120186	126697	Undirected	4.0
-81804	-248332	Undirected	5.0
-81804	117687	Undirected	4.0
-81804	-244010	Undirected	4.0
-81804	126697	Undirected	4.0
-248332	117687	Undirected	4.0
-248332	-244010	Undirected	4.0
-248332	126697	Undirected	4.0
-124855	-193724	Undirected	5.0
-124855	16055	Undirected	5.0
-124855	117687	Undirected	5.0
-124855	-282642	Undirected	5.0
-124855	-249870	Undirected	5.0
-124855	43613	Undirected	4.0
-124855	-412209	Undirected	4.0
-124855	75481	Undirected	4.0
-124855	-116873	Undirected	4.0
-124855	36281	Undirected	4.0
-193724	16055	Undirected	5.0
-193724	117687	Undirected	5.0
-193724	-282642	Undirected	5.0
-193724	-249870	Undirected	5.0
-193724	43613	Undirected	4.0
-193724	-412209	Undirected	4.0
-193724	75481	Undirected	4.0
-193724	-116873	Undirected	4.0
-193724	36281	Undirected	4.0
16055	117687	Undirected	5.0
16055	-282642	Undirected	5.0
16055	-249870	Undirected	5.0
16055	43613	Undirected	4.0
16055	-412209	Undirected	4.0
16055	75481	Undirected	4.0
16055	-116873	Undirected	4.0
16055	36281	Undirected	4.0
117687	-282642	Undirected	5.0
117687	-249870	Undirected	5.0
117687	-244010	Undirected	4.0
117687	126697	Undirected	4.0
117687	98571	Undirected	4.0
117687	56494	Undirected	4.0
117687	43613	Undirected	6.0
117687	-412209	Undirected	6.0
117687	-116561	Undirected	4.0
117687	82502	Undirected	4.0
117687	73961	Undirected	4.0
117687	112700	Undirected	4.0
117687	75481	Undirected	5.0
117687	-504137	Undirected	5.0
117687	-116873	Undirected	5.0
117687	36903	Undirected	4.0
117687	108593	Undirected	4.0
117687	101281	Undirected	4.0
117687	-140023	Undirected	4.0
117687	-435967	Undirected	4.0
117687	36017	Undirected	4.0
117687	74172	Undirected	4.0
117687	-467365	Undirected	4.0
117687	36281	Undirected	4.0
117687	-114894	Undirected	4.0
117687	80062	Undirected	4.0
117687	-443602	Undirected	4.0
117687	123849	Undirected	4.0
117687	78277	Undirected	4.0
117687	128838	Undirected	4.0
117687	-462042	Undirected	4.0
117687	15654	Undirected	4.0
117687	120065	Undirected	4.0
117687	-160495	Undirected	4.0
117687	-118249	Undirected	4.0
117687	-115191	Undirected	4.0
-282642	-249870	Undirected	5.0
-282642	43613	Undirected	4.0
-282642	-412209	Undirected	4.0
-282642	75481	Undirected	4.0
-282642	-116873	Undirected	4.0
-282642	36281	Undirected	4.0
-249870	43613	Undirected	4.0
-249870	-412209	Undirected	4.0
-249870	75481	Undirected	4.0
-249870	-116873	Undirected	4.0
-249870	36281	Undirected	4.0
-458510	-12991	Undirected	6.0
-458510	126913	Undirected	5.0
-12991	126913	Undirected	5.0
-244010	126697	Undirected	6.0
-244010	56861	Undirected	4.0
-244010	-412209	Undirected	5.0
-244010	-140023	Undirected	5.0
-244010	-435967	Undirected	4.0
-244010	-533001	Undirected	4.0
-244010	-545013	Undirected	4.0
-244010	117283	Undirected	5.0
-244010	-460230	Undirected	5.0
126697	56861	Undirected	4.0
126697	-412209	Undirected	5.0
126697	-140023	Undirected	5.0
126697	-435967	Undirected	4.0
126697	-533001	Undirected	4.0
126697	-545013	Undirected	4.0
126697	117283	Undirected	5.0
126697	-460230	Undirected	5.0
47922	-171365	Undirected	5.0
47922	56861	Undirected	5.0
-171365	56861	Undirected	5.0
56861	109496	Undirected	4.0
56861	-140023	Undirected	4.0
120139	43613	Undirected	4.0
120139	-412209	Undirected	5.0
120139	75481	Undirected	4.0
120139	-504137	Undirected	4.0
120139	-116873	Undirected	4.0
56494	43613	Undirected	5.0
56494	-412209	Undirected	5.0
56494	-116561	Undirected	4.0
56494	82502	Undirected	4.0
56494	73961	Undirected	4.0
56494	112700	Undirected	4.0
56494	-128335	Undirected	4.0
56494	75481	Undirected	4.0
56494	-504137	Undirected	5.0
56494	-116873	Undirected	4.0
56494	36903	Undirected	4.0
56494	101281	Undirected	4.0
56494	-211404	Undirected	4.0
56494	-467365	Undirected	4.0
43613	-412209	Undirected	8.0
43613	-116561	Undirected	5.0
43613	82502	Undirected	5.0
43613	73961	Undirected	5.0
43613	112700	Undirected	5.0
43613	-362298	Undirected	4.0
43613	-128335	Undirected	4.0
43613	-177354	Undirected	4.0
43613	75481	Undirected	6.0
43613	51232	Undirected	4.0
43613	122399	Undirected	4.0
43613	-242105	Undirected	4.0
43613	38533	Undirected	4.0
43613	31254	Undirected	4.0
43613	117966	Undirected	4.0
43613	9591	Undirected	4.0
43613	-504137	Undirected	6.0
43613	40151	Undirected	4.0
43613	100961	Undirected	4.0
43613	14582	Undirected	4.0
43613	88761	Undirected	4.0
43613	35221	Undirected	4.0
43613	22017	Undirected	4.0
43613	-116873	Undirected	6.0
43613	36903	Undirected	5.0
43613	108593	Undirected	4.0
43613	101281	Undirected	4.0
43613	-140023	Undirected	4.0
43613	-435967	Undirected	4.0
43613	-11028	Undirected	4.0
43613	36017	Undirected	4.0
43613	74172	Undirected	4.0
43613	-467365	Undirected	4.0
43613	36281	Undirected	4.0
43613	-114894	Undirected	4.0
43613	80062	Undirected	4.0
43613	-443602	Undirected	4.0
43613	123849	Undirected	4.0
43613	78277	Undirected	4.0
43613	128838	Undirected	4.0
43613	-462042	Undirected	4.0
43613	15654	Undirected	4.0
43613	120065	Undirected	4.0
43613	-160495	Undirected	4.0
43613	-118249	Undirected	4.0
43613	-115191	Undirected	4.0
-412209	-116561	Undirected	5.0
-412209	82502	Undirected	5.0
-412209	73961	Undirected	5.0
-412209	112700	Undirected	5.0
-412209	-362298	Undirected	4.0
-412209	-128335	Undirected	4.0
-412209	-177354	Undirected	4.0
-412209	75481	Undirected	6.0
-412209	51232	Undirected	4.0
-412209	122399	Undirected	4.0
-412209	-242105	Undirected	4.0
-412209	38533	Undirected	4.0
-412209	31254	Undirected	4.0
-412209	117966	Undirected	4.0
-412209	9591	Undirected	4.0
-412209	-504137	Undirected	6.0
-412209	40151	Undirected	4.0
-412209	100961	Undirected	4.0
-412209	14582	Undirected	4.0
-412209	88761	Undirected	4.0
-412209	35221	Undirected	4.0
-412209	22017	Undirected	4.0
-412209	-116873	Undirected	6.0
-412209	36903	Undirected	5.0
-412209	108593	Undirected	4.0
-412209	101281	Undirected	4.0
-412209	-140023	Undirected	6.0
-412209	48889	Undirected	4.0
-412209	-417821	Undirected	4.0
-412209	-423371	Undirected	4.0
-412209	-435967	Undirected	5.0
-412209	-437916	Undirected	4.0
-412209	28147	Undirected	4.0
-412209	124382	Undirected	4.0
-412209	-271973	Undirected	4.0
-412209	-160778	Undirected	4.0
-412209	-156057	Undirected	4.0
-412209	-125228	Undirected	4.0
-412209	-117033	Undirected	4.0
-412209	-108747	Undirected	4.0
-412209	-91059	Undirected	4.0
-412209	-88127	Undirected	4.0
-412209	-88121	Undirected	4.0
-412209	-17477	Undirected	4.0
-412209	-11250	Undirected	4.0
-412209	-3249	Undirected	4.0
-412209	83362	Undirected	4.0
-412209	-533001	Undirected	4.0
-412209	-545013	Undirected	4.0
-412209	117283	Undirected	5.0
-412209	-460230	Undirected	5.0
-412209	-11028	Undirected	4.0
-412209	36017	Undirected	4.0
-412209	74172	Undirected	4.0
-412209	-467365	Undirected	4.0
-412209	36281	Undirected	4.0
-412209	-114894	Undirected	4.0
-412209	-87106	Undirected	4.0
-412209	-414546	Undirected	4.0
-412209	-461902	Undirected	4.0
-412209	80062	Undirected	4.0
-412209	-443602	Undirected	4.0
-412209	123849	Undirected	4.0
-412209	78277	Undirected	4.0
-412209	128838	Undirected	4.0
-412209	-462042	Undirected	4.0
-412209	15654	Undirected	4.0
-412209	120065	Undirected	4.0
-412209	-160495	Undirected	4.0
-412209	-118249	Undirected	4.0
-412209	-115191	Undirected	4.0
-22950	84749	Undirected	4.0
-22950	51232	Undirected	4.0
-22950	100961	Undirected	4.0
84749	51232	Undirected	4.0
84749	100961	Undirected	4.0
-116561	82502	Undirected	11.0
-116561	73961	Undirected	11.0
-116561	112700	Undirected	8.0
-116561	-362298	Undirected	4.0
-116561	-128335	Undirected	4.0
-116561	75481	Undirected	6.0
-116561	51232	Undirected	4.0
-116561	122399	Undirected	4.0
-116561	-242105	Undirected	4.0
-116561	38533	Undirected	4.0
-116561	31254	Undirected	4.0
-116561	117966	Undirected	4.0
-116561	9591	Undirected	4.0
-116561	-504137	Undirected	4.0
-116561	40151	Undirected	4.0
-116561	100961	Undirected	4.0
-116561	14582	Undirected	4.0
-116561	88761	Undirected	4.0
-116561	35221	Undirected	4.0
-116561	22017	Undirected	4.0
-116561	-116873	Undirected	6.0
-116561	36903	Undirected	6.0
-116561	-467365	Undirected	7.0
-116561	119092	Undirected	6.0
-116561	-113628	Undirected	6.0
82502	73961	Undirected	11.0
82502	112700	Undirected	8.0
82502	-362298	Undirected	4.0
82502	-128335	Undirected	4.0
82502	75481	Undirected	6.0
82502	51232	Undirected	4.0
82502	122399	Undirected	4.0
82502	-242105	Undirected	4.0
82502	38533	Undirected	4.0
82502	31254	Undirected	4.0
82502	117966	Undirected	4.0
82502	9591	Undirected	4.0
82502	-504137	Undirected	4.0
82502	40151	Undirected	4.0
82502	100961	Undirected	4.0
82502	14582	Undirected	4.0
82502	88761	Undirected	4.0
82502	35221	Undirected	4.0
82502	22017	Undirected	4.0
82502	-116873	Undirected	6.0
82502	36903	Undirected	6.0
82502	-467365	Undirected	7.0
82502	119092	Undirected	6.0
82502	-113628	Undirected	6.0
73961	112700	Undirected	8.0
73961	-362298	Undirected	4.0
73961	-128335	Undirected	4.0
73961	75481	Undirected	6.0
73961	51232	Undirected	4.0
73961	122399	Undirected	4.0
73961	-242105	Undirected	4.0
73961	38533	Undirected	4.0
73961	31254	Undirected	4.0
73961	117966	Undirected	4.0
73961	9591	Undirected	4.0
73961	-504137	Undirected	4.0
73961	40151	Undirected	4.0
73961	100961	Undirected	4.0
73961	14582	Undirected	4.0
73961	88761	Undirected	4.0
73961	35221	Undirected	4.0
73961	22017	Undirected	4.0
73961	-116873	Undirected	6.0
73961	36903	Undirected	6.0
73961	-467365	Undirected	7.0
73961	119092	Undirected	6.0
73961	-113628	Undirected	6.0
112700	-362298	Undirected	4.0
112700	-128335	Undirected	4.0
112700	75481	Undirected	6.0
112700	51232	Undirected	4.0
112700	122399	Undirected	4.0
112700	-242105	Undirected	4.0
112700	38533	Undirected	4.0
112700	31254	Undirected	4.0
112700	117966	Undirected	4.0
112700	9591	Undirected	4.0
112700	-504137	Undirected	4.0
112700	40151	Undirected	4.0
112700	100961	Undirected	4.0
112700	14582	Undirected	4.0
112700	88761	Undirected	4.0
112700	35221	Undirected	4.0
112700	22017	Undirected	4.0
112700	-116873	Undirected	6.0
112700	36903	Undirected	6.0
112700	-467365	Undirected	4.0
-362298	75481	Undirected	5.0
-362298	-504137	Undirected	4.0
-362298	-116873	Undirected	6.0
-362298	36903	Undirected	4.0
-362298	101281	Undirected	4.0
-362298	-140023	Undirected	4.0
-362298	-435967	Undirected	5.0
-362298	-533001	Undirected	5.0
-362298	-545013	Undirected	5.0
-362298	10318	Undirected	4.0
-128335	75481	Undirected	4.0
-128335	-504137	Undirected	4.0
-128335	-116873	Undirected	4.0
-128335	36903	Undirected	4.0
75481	51232	Undirected	4.0
75481	122399	Undirected	4.0
75481	-242105	Undirected	4.0
75481	38533	Undirected	4.0
75481	31254	Undirected	4.0
75481	117966	Undirected	4.0
75481	9591	Undirected	4.0
75481	-504137	Undirected	5.0
75481	40151	Undirected	4.0
75481	100961	Undirected	4.0
75481	14582	Undirected	4.0
75481	88761	Undirected	4.0
75481	35221	Undirected	4.0
75481	22017	Undirected	4.0
75481	-116873	Undirected	7.0
75481	36903	Undirected	6.0
75481	101281	Undirected	4.0
75481	74172	Undirected	4.0
75481	-467365	Undirected	4.0
75481	36281	Undirected	4.0
51232	122399	Undirected	5.0
51232	-242105	Undirected	4.0
51232	38533	Undirected	4.0
51232	31254	Undirected	4.0
51232	117966	Undirected	4.0
51232	9591	Undirected	4.0
51232	40151	Undirected	5.0
51232	8710	Undirected	5.0
51232	4762	Undirected	4.0
51232	2867	Undirected	4.0
51232	5195	Undirected	4.0
51232	100961	Undirected	6.0
51232	14582	Undirected	5.0
51232	88761	Undirected	5.0
51232	35221	Undirected	5.0
51232	22017	Undirected	4.0
51232	-116873	Undirected	4.0
51232	36903	Undirected	4.0
122399	-242105	Undirected	4.0
122399	38533	Undirected	4.0
122399	31254	Undirected	4.0
122399	117966	Undirected	4.0
122399	9591	Undirected	4.0
122399	40151	Undirected	5.0
122399	8710	Undirected	4.0
122399	4762	Undirected	4.0
122399	2867	Undirected	4.0
122399	5195	Undirected	4.0
122399	100961	Undirected	5.0
122399	14582	Undirected	5.0
122399	88761	Undirected	5.0
122399	35221	Undirected	5.0
122399	22017	Undirected	4.0
122399	-116873	Undirected	4.0
122399	36903	Undirected	4.0
-421253	40151	Undirected	4.0
-421253	100961	Undirected	4.0
-421253	22017	Undirected	4.0
-421253	77274	Undirected	4.0
-242105	38533	Undirected	5.0
-242105	31254	Undirected	5.0
-242105	117966	Undirected	5.0
-242105	9591	Undirected	5.0
-242105	40151	Undirected	4.0
-242105	100961	Undirected	4.0
-242105	14582	Undirected	4.0
-242105	88761	Undirected	4.0
-242105	35221	Undirected	4.0
-242105	22017	Undirected	4.0
-242105	-116873	Undirected	4.0
-242105	36903	Undirected	4.0
38533	31254	Undirected	5.0
38533	117966	Undirected	5.0
38533	9591	Undirected	5.0
38533	40151	Undirected	4.0
38533	100961	Undirected	4.0
38533	14582	Undirected	4.0
38533	88761	Undirected	4.0
38533	35221	Undirected	4.0
38533	22017	Undirected	4.0
38533	-116873	Undirected	4.0
38533	36903	Undirected	4.0
31254	117966	Undirected	5.0
31254	9591	Undirected	5.0
31254	40151	Undirected	4.0
31254	100961	Undirected	4.0
31254	14582	Undirected	4.0
31254	88761	Undirected	4.0
31254	35221	Undirected	4.0
31254	22017	Undirected	4.0
31254	-116873	Undirected	4.0
31254	36903	Undirected	4.0
117966	9591	Undirected	5.0
117966	40151	Undirected	4.0
117966	100961	Undirected	4.0
117966	14582	Undirected	4.0
117966	88761	Undirected	4.0
117966	35221	Undirected	4.0
117966	22017	Undirected	4.0
117966	-116873	Undirected	4.0
117966	36903	Undirected	4.0
9591	40151	Undirected	4.0
9591	100961	Undirected	4.0
9591	14582	Undirected	4.0
9591	88761	Undirected	4.0
9591	35221	Undirected	4.0
9591	22017	Undirected	4.0
9591	-116873	Undirected	4.0
9591	36903	Undirected	4.0
-189152	40151	Undirected	4.0
-189152	100961	Undirected	5.0
-189152	22017	Undirected	4.0
-189152	-425397	Undirected	4.0
98852	40151	Undirected	4.0
98852	100961	Undirected	4.0
-504137	-116873	Undirected	5.0
-504137	36903	Undirected	4.0
-504137	108593	Undirected	4.0
-504137	101281	Undirected	4.0
-504137	-140023	Undirected	4.0
-504137	-435967	Undirected	4.0
-504137	36017	Undirected	4.0
-504137	-467365	Undirected	4.0
-504137	-114894	Undirected	4.0
-504137	80062	Undirected	4.0
-504137	-443602	Undirected	4.0
-504137	123849	Undirected	4.0
-504137	78277	Undirected	4.0
-504137	128838	Undirected	4.0
-504137	-462042	Undirected	4.0
-504137	15654	Undirected	4.0
-504137	120065	Undirected	4.0
-504137	-160495	Undirected	4.0
-504137	-118249	Undirected	4.0
-504137	-115191	Undirected	4.0
40151	8710	Undirected	5.0
40151	4762	Undirected	5.0
40151	2867	Undirected	5.0
40151	5195	Undirected	5.0
40151	100961	Undirected	6.0
40151	14582	Undirected	5.0
40151	88761	Undirected	5.0
40151	35221	Undirected	5.0
40151	22017	Undirected	5.0
40151	-425397	Undirected	4.0
40151	-116873	Undirected	4.0
40151	36903	Undirected	4.0
40151	77274	Undirected	4.0
8710	4762	Undirected	5.0
8710	2867	Undirected	5.0
8710	5195	Undirected	5.0
8710	100961	Undirected	6.0
8710	14582	Undirected	4.0
8710	88761	Undirected	4.0
8710	35221	Undirected	4.0
8710	22017	Undirected	4.0
8710	-182658	Undirected	5.0
4762	2867	Undirected	5.0
4762	5195	Undirected	5.0
4762	100961	Undirected	5.0
4762	14582	Undirected	4.0
4762	88761	Undirected	4.0
4762	35221	Undirected	4.0
4762	22017	Undirected	4.0
2867	5195	Undirected	5.0
2867	100961	Undirected	5.0
2867	14582	Undirected	4.0
2867	88761	Undirected	4.0
2867	35221	Undirected	4.0
2867	22017	Undirected	4.0
5195	100961	Undirected	5.0
5195	14582	Undirected	4.0
5195	88761	Undirected	4.0
5195	35221	Undirected	4.0
5195	22017	Undirected	4.0
100961	14582	Undirected	5.0
100961	88761	Undirected	5.0
100961	35221	Undirected	5.0
100961	22017	Undirected	5.0
100961	-425397	Undirected	4.0
100961	-116873	Undirected	4.0
100961	36903	Undirected	4.0
100961	77274	Undirected	4.0
14582	88761	Undirected	5.0
14582	35221	Undirected	5.0
14582	22017	Undirected	4.0
14582	-116873	Undirected	4.0
14582	36903	Undirected	4.0
88761	35221	Undirected	5.0
88761	22017	Undirected	4.0
88761	-116873	Undirected	4.0
88761	36903	Undirected	4.0
35221	22017	Undirected	4.0
35221	-116873	Undirected	4.0
35221	36903	Undirected	4.0
22017	-425397	Undirected	4.0
22017	-116873	Undirected	4.0
22017	36903	Undirected	4.0
22017	77274	Undirected	4.0
-116873	36903	Undirected	6.0
-116873	101281	Undirected	4.0
-116873	-435967	Undirected	4.0
-116873	-533001	Undirected	4.0
-116873	-545013	Undirected	4.0
-116873	74172	Undirected	4.0
-116873	-467365	Undirected	4.0
-116873	36281	Undirected	4.0
36903	-467365	Undirected	4.0
55348	112671	Undirected	4.0
55348	15348	Undirected	4.0
109756	-188242	Undirected	4.0
109756	38091	Undirected	4.0
109756	-223629	Undirected	4.0
109756	-406143	Undirected	4.0
109756	1216	Undirected	4.0
109756	77621	Undirected	4.0
109756	107868	Undirected	4.0
109756	69341	Undirected	4.0
109756	-416678	Undirected	4.0
109756	-192625	Undirected	4.0
109756	15016	Undirected	4.0
109756	596	Undirected	4.0
109756	7253	Undirected	4.0
109756	-253001	Undirected	4.0
109756	28187	Undirected	4.0
109756	27691	Undirected	4.0
109756	27196	Undirected	4.0
109756	-434052	Undirected	4.0
109756	-486867	Undirected	5.0
102634	31883	Undirected	4.0
102634	106049	Undirected	4.0
102634	12311	Undirected	4.0
102634	28187	Undirected	4.0
102634	-486867	Undirected	4.0
102634	-188962	Undirected	4.0
31883	38091	Undirected	4.0
31883	-223629	Undirected	4.0
31883	106049	Undirected	4.0
31883	58058	Undirected	5.0
31883	-486867	Undirected	5.0
31883	-188962	Undirected	5.0
31883	-111019	Undirected	4.0
-188242	-486867	Undirected	4.0
-38849	-401501	Undirected	4.0
-38849	-469413	Undirected	4.0
-38849	-304211	Undirected	4.0
38091	-223629	Undirected	5.0
38091	117068	Undirected	4.0
38091	1655	Undirected	4.0
38091	-211701	Undirected	4.0
38091	58058	Undirected	4.0
38091	45655	Undirected	4.0
38091	-412855	Undirected	4.0
38091	-295157	Undirected	4.0
38091	-22322	Undirected	4.0
38091	82966	Undirected	4.0
38091	82902	Undirected	4.0
38091	-486867	Undirected	4.0
-223629	117068	Undirected	4.0
-223629	1655	Undirected	4.0
-223629	-211701	Undirected	4.0
-223629	58058	Undirected	5.0
-223629	45655	Undirected	4.0
-223629	-412855	Undirected	4.0
-223629	-295157	Undirected	4.0
-223629	-22322	Undirected	4.0
-223629	82966	Undirected	4.0
-223629	82902	Undirected	4.0
-223629	-486867	Undirected	4.0
117068	1655	Undirected	4.0
117068	-211701	Undirected	4.0
117068	58058	Undirected	4.0
117068	45655	Undirected	4.0
117068	-412855	Undirected	4.0
117068	-295157	Undirected	4.0
117068	-22322	Undirected	4.0
117068	82966	Undirected	4.0
117068	82902	Undirected	4.0
-406143	1216	Undirected	4.0
-406143	77621	Undirected	4.0
-406143	107868	Undirected	4.0
-406143	69341	Undirected	4.0
-406143	-416678	Undirected	4.0
-406143	-192625	Undirected	4.0
-406143	15016	Undirected	4.0
-406143	596	Undirected	4.0
-406143	7253	Undirected	4.0
-406143	-253001	Undirected	4.0
-406143	27691	Undirected	4.0
-406143	27196	Undirected	4.0
-406143	-434052	Undirected	4.0
-406143	-486867	Undirected	4.0
112671	15348	Undirected	4.0
112671	-401501	Undirected	4.0
112671	17558	Undirected	4.0
112671	108792	Undirected	4.0
112671	27648	Undirected	5.0
112671	9602	Undirected	4.0
112671	13851	Undirected	4.0
112671	117015	Undirected	4.0
112671	5562	Undirected	5.0
112671	82965	Undirected	4.0
112671	32176	Undirected	4.0
112671	-423577	Undirected	5.0
112671	-250227	Undirected	5.0
112671	41801	Undirected	5.0
112671	102002	Undirected	4.0
112671	27411	Undirected	4.0
112671	78648	Undirected	4.0
112671	47424	Undirected	4.0
112671	99913	Undirected	4.0
112671	-189602	Undirected	4.0
112671	54239	Undirected	5.0
112671	32006	Undirected	4.0
112671	6534	Undirected	4.0
1216	77621	Undirected	4.0
1216	107868	Undirected	4.0
1216	69341	Undirected	4.0
1216	-416678	Undirected	4.0
1216	-192625	Undirected	4.0
1216	15016	Undirected	4.0
1216	596	Undirected	4.0
1216	7253	Undirected	4.0
1216	-253001	Undirected	4.0
1216	17408	Undirected	4.0
1216	28187	Undirected	4.0
1216	21659	Undirected	4.0
1216	27691	Undirected	4.0
1216	27196	Undirected	4.0
1216	-434052	Undirected	4.0
1216	-486867	Undirected	4.0
77621	107868	Undirected	4.0
77621	69341	Undirected	4.0
77621	-416678	Undirected	4.0
77621	-192625	Undirected	4.0
77621	15016	Undirected	4.0
77621	596	Undirected	4.0
77621	7253	Undirected	4.0
77621	-253001	Undirected	4.0
77621	27691	Undirected	4.0
77621	27196	Undirected	4.0
77621	-434052	Undirected	4.0
77621	-486867	Undirected	4.0
107868	69341	Undirected	5.0
107868	-416678	Undirected	4.0
107868	-192625	Undirected	4.0
107868	15016	Undirected	4.0
107868	596	Undirected	4.0
107868	7253	Undirected	5.0
107868	-546606	Undirected	4.0
107868	-253001	Undirected	5.0
107868	27691	Undirected	4.0
107868	27196	Undirected	4.0
107868	-434052	Undirected	4.0
107868	-486867	Undirected	4.0
107868	29233	Undirected	4.0
69341	-416678	Undirected	4.0
69341	-192625	Undirected	4.0
69341	15016	Undirected	4.0
69341	596	Undirected	4.0
69341	7253	Undirected	5.0
69341	-546606	Undirected	4.0
69341	-253001	Undirected	5.0
69341	27691	Undirected	4.0
69341	27196	Undirected	4.0
69341	-434052	Undirected	4.0
69341	-486867	Undirected	4.0
69341	29233	Undirected	4.0
-416678	-192625	Undirected	4.0
-416678	15016	Undirected	4.0
-416678	596	Undirected	4.0
-416678	7253	Undirected	4.0
-416678	-253001	Undirected	4.0
-416678	27691	Undirected	4.0
-416678	27196	Undirected	4.0
-416678	-434052	Undirected	4.0
-416678	-486867	Undirected	4.0
-192625	15016	Undirected	4.0
-192625	596	Undirected	4.0
-192625	7253	Undirected	4.0
-192625	-253001	Undirected	4.0
-192625	27691	Undirected	4.0
-192625	27196	Undirected	4.0
-192625	-434052	Undirected	4.0
-192625	-486867	Undirected	4.0
15016	596	Undirected	4.0
15016	7253	Undirected	4.0
15016	-253001	Undirected	4.0
15016	27691	Undirected	4.0
15016	27196	Undirected	4.0
15016	-434052	Undirected	4.0
15016	-486867	Undirected	4.0
106049	-486867	Undirected	4.0
106049	-188962	Undirected	4.0
596	7253	Undirected	4.0
596	-253001	Undirected	4.0
596	27691	Undirected	4.0
596	27196	Undirected	4.0
596	-434052	Undirected	4.0
596	-486867	Undirected	4.0
7253	-546606	Undirected	4.0
7253	-253001	Undirected	5.0
7253	27691	Undirected	4.0
7253	27196	Undirected	4.0
7253	-434052	Undirected	4.0
7253	-486867	Undirected	4.0
7253	29233	Undirected	4.0
-546606	-253001	Undirected	4.0
-253001	27691	Undirected	4.0
-253001	27196	Undirected	4.0
-253001	-434052	Undirected	4.0
-253001	-486867	Undirected	4.0
-253001	29233	Undirected	4.0
17408	21659	Undirected	4.0
12311	28187	Undirected	4.0
28187	21659	Undirected	4.0
28187	-486867	Undirected	5.0
28187	28488	Undirected	4.0
28187	94859	Undirected	4.0
28187	21646	Undirected	4.0
28187	82895	Undirected	5.0
28187	7875	Undirected	5.0
28187	132139	Undirected	5.0
28187	-537220	Undirected	4.0
28187	9043	Undirected	4.0
28187	111427	Undirected	4.0
28187	43826	Undirected	4.0
28187	18960	Undirected	4.0
28187	56944	Undirected	4.0
1655	-211701	Undirected	4.0
1655	58058	Undirected	4.0
1655	45655	Undirected	4.0
1655	-412855	Undirected	4.0
1655	-295157	Undirected	4.0
1655	-22322	Undirected	4.0
1655	82966	Undirected	4.0
1655	82902	Undirected	4.0
-211701	58058	Undirected	4.0
-211701	45655	Undirected	4.0
-211701	-412855	Undirected	4.0
-211701	-295157	Undirected	4.0
-211701	-22322	Undirected	4.0
-211701	82966	Undirected	4.0
-211701	82902	Undirected	4.0
58058	45655	Undirected	4.0
58058	-412855	Undirected	4.0
58058	-295157	Undirected	4.0
58058	-22322	Undirected	4.0
58058	82966	Undirected	4.0
58058	82902	Undirected	4.0
58058	21659	Undirected	4.0
58058	-486867	Undirected	5.0
58058	-188962	Undirected	4.0
58058	-159795	Undirected	4.0
58058	-111019	Undirected	4.0
58058	5587	Undirected	4.0
58058	98559	Undirected	4.0
58058	76609	Undirected	4.0
45655	-412855	Undirected	4.0
45655	-295157	Undirected	4.0
45655	-22322	Undirected	4.0
45655	82966	Undirected	4.0
45655	82902	Undirected	4.0
-412855	-295157	Undirected	4.0
-412855	-22322	Undirected	4.0
-412855	82966	Undirected	4.0
-412855	82902	Undirected	4.0
-295157	-22322	Undirected	4.0
-295157	82966	Undirected	4.0
-295157	82902	Undirected	4.0
-22322	82966	Undirected	4.0
-22322	82902	Undirected	4.0
82966	82902	Undirected	4.0
21659	-486867	Undirected	4.0
27691	27196	Undirected	4.0
27691	-434052	Undirected	4.0
27691	-486867	Undirected	4.0
27196	-434052	Undirected	4.0
27196	-486867	Undirected	4.0
-434052	-486867	Undirected	4.0
-486867	-188962	Undirected	7.0
-486867	46128	Undirected	4.0
-486867	8465	Undirected	4.0
-486867	50579	Undirected	4.0
-486867	13368	Undirected	4.0
-486867	16880	Undirected	4.0
-486867	4553	Undirected	4.0
-486867	94859	Undirected	5.0
-486867	82895	Undirected	4.0
-486867	7875	Undirected	4.0
-486867	132139	Undirected	4.0
-486867	-537220	Undirected	4.0
-486867	123469	Undirected	5.0
-486867	-120856	Undirected	5.0
-486867	43826	Undirected	6.0
-486867	-468308	Undirected	6.0
-486867	-297224	Undirected	4.0
-486867	10686	Undirected	4.0
-486867	-133775	Undirected	4.0
-486867	-111019	Undirected	5.0
-486867	6534	Undirected	4.0
-486867	5587	Undirected	4.0
-486867	18960	Undirected	5.0
-188962	46128	Undirected	4.0
-188962	8465	Undirected	4.0
-188962	50579	Undirected	4.0
-188962	13368	Undirected	4.0
-188962	16880	Undirected	4.0
-188962	4553	Undirected	4.0
-188962	94859	Undirected	5.0
-188962	123469	Undirected	5.0
-188962	-120856	Undirected	5.0
-188962	43826	Undirected	5.0
-188962	-468308	Undirected	5.0
-188962	-111019	Undirected	4.0
-401501	-469413	Undirected	4.0
-401501	-304211	Undirected	4.0
-401501	27204	Undirected	4.0
-401501	-295071	Undirected	4.0
-401501	17558	Undirected	4.0
-401501	108792	Undirected	4.0
-401501	27648	Undirected	4.0
-401501	13851	Undirected	4.0
-401501	117015	Undirected	4.0
-401501	5562	Undirected	4.0
-401501	-423577	Undirected	4.0
-401501	-250227	Undirected	4.0
-401501	41801	Undirected	4.0
-401501	102002	Undirected	5.0
-401501	27411	Undirected	4.0
-401501	43874	Undirected	4.0
-401501	110100	Undirected	4.0
-401501	47424	Undirected	4.0
-401501	54239	Undirected	4.0
-401501	32006	Undirected	4.0
-401501	6534	Undirected	4.0
-469413	-304211	Undirected	4.0
29260	48909	Undirected	4.0
56480	-439280	Undirected	4.0
56480	115742	Undirected	5.0
56480	96893	Undirected	4.0
56480	110718	Undirected	4.0
56480	4826	Undirected	4.0
-439280	115742	Undirected	4.0
-439280	96893	Undirected	4.0
115742	96893	Undirected	4.0
115742	110718	Undirected	4.0
115742	4826	Undirected	4.0
-16489	115433	Undirected	5.0
-16489	-253159	Undirected	4.0
115433	5587	Undirected	4.0
115433	-139598	Undirected	4.0
-407693	37442	Undirected	4.0
-407693	91663	Undirected	4.0
37442	91663	Undirected	4.0
17302	-155550	Undirected	5.0
17302	1210	Undirected	4.0
-155550	1210	Undirected	4.0
8111	-211480	Undirected	4.0
8111	39084	Undirected	4.0
8111	6882	Undirected	4.0
8111	2627	Undirected	4.0
8111	72895	Undirected	4.0
8111	17707	Undirected	4.0
8111	-357490	Undirected	4.0
8111	34519	Undirected	4.0
8111	35210	Undirected	4.0
8111	87566	Undirected	4.0
8111	-117640	Undirected	4.0
-211480	39084	Undirected	4.0
-211480	6882	Undirected	4.0
-211480	2627	Undirected	4.0
-211480	72895	Undirected	4.0
-211480	17707	Undirected	4.0
-211480	-357490	Undirected	4.0
-211480	34519	Undirected	4.0
-211480	35210	Undirected	4.0
-211480	87566	Undirected	4.0
-211480	-117640	Undirected	4.0
39084	6882	Undirected	5.0
39084	2627	Undirected	4.0
39084	72895	Undirected	4.0
39084	17707	Undirected	5.0
39084	-357490	Undirected	4.0
39084	34519	Undirected	4.0
39084	35210	Undirected	5.0
39084	-21519	Undirected	5.0
39084	72554	Undirected	5.0
39084	1450	Undirected	4.0
39084	-146464	Undirected	4.0
39084	102074	Undirected	4.0
39084	-450654	Undirected	4.0
39084	87566	Undirected	5.0
39084	108593	Undirected	4.0
39084	109496	Undirected	4.0
39084	-117640	Undirected	5.0
39084	-198753	Undirected	4.0
39084	107194	Undirected	4.0
39084	95505	Undirected	4.0
39084	109610	Undirected	4.0
39084	-128441	Undirected	5.0
39084	7360	Undirected	4.0
6882	2627	Undirected	4.0
6882	72895	Undirected	4.0
6882	17707	Undirected	5.0
6882	-357490	Undirected	4.0
6882	34519	Undirected	4.0
6882	35210	Undirected	5.0
6882	72554	Undirected	4.0
6882	87566	Undirected	4.0
6882	-117640	Undirected	5.0
6882	-198753	Undirected	4.0
2627	72895	Undirected	4.0
2627	17707	Undirected	4.0
2627	-357490	Undirected	4.0
2627	34519	Undirected	4.0
2627	35210	Undirected	4.0
2627	87566	Undirected	4.0
2627	-117640	Undirected	4.0
72895	17707	Undirected	4.0
72895	-357490	Undirected	4.0
72895	34519	Undirected	4.0
72895	35210	Undirected	4.0
72895	87566	Undirected	4.0
72895	-117640	Undirected	4.0
17707	-357490	Undirected	4.0
17707	34519	Undirected	4.0
17707	35210	Undirected	5.0
17707	72554	Undirected	4.0
17707	87566	Undirected	4.0
17707	-117640	Undirected	5.0
17707	-198753	Undirected	4.0
-357490	34519	Undirected	4.0
-357490	35210	Undirected	4.0
-357490	87566	Undirected	4.0
-357490	-117640	Undirected	4.0
34519	35210	Undirected	4.0
34519	87566	Undirected	4.0
34519	-117640	Undirected	4.0
35210	61977	Undirected	4.0
35210	72554	Undirected	4.0
35210	87566	Undirected	5.0
35210	3558	Undirected	4.0
35210	-213336	Undirected	4.0
35210	-198610	Undirected	4.0
35210	111610	Undirected	4.0
35210	109496	Undirected	4.0
35210	-117640	Undirected	5.0
35210	-198753	Undirected	4.0
61977	72554	Undirected	5.0
61977	87566	Undirected	6.0
61977	14808	Undirected	4.0
61977	37796	Undirected	4.0
61977	27937	Undirected	4.0
61977	-117640	Undirected	4.0
61977	122900	Undirected	4.0
355	-21519	Undirected	4.0
355	72554	Undirected	4.0
355	10186	Undirected	4.0
355	1450	Undirected	4.0
355	-146464	Undirected	4.0
355	37814	Undirected	4.0
355	102074	Undirected	4.0
355	-450654	Undirected	4.0
355	87566	Undirected	4.0
-21519	72554	Undirected	5.0
-21519	10186	Undirected	4.0
-21519	1450	Undirected	7.0
-21519	-146464	Undirected	7.0
-21519	37814	Undirected	4.0
-21519	102074	Undirected	7.0
-21519	-450654	Undirected	7.0
-21519	87566	Undirected	5.0
-21519	-117640	Undirected	4.0
72554	10186	Undirected	4.0
72554	1450	Undirected	5.0
72554	-146464	Undirected	5.0
72554	37814	Undirected	4.0
72554	102074	Undirected	5.0
72554	-450654	Undirected	5.0
72554	87566	Undirected	7.0
72554	-198610	Undirected	4.0
72554	-117640	Undirected	5.0
72554	115654	Undirected	5.0
72554	-198753	Undirected	4.0
72554	9481	Undirected	4.0
72554	107194	Undirected	4.0
72554	15576	Undirected	4.0
72554	5779	Undirected	4.0
72554	122900	Undirected	4.0
10186	1450	Undirected	4.0
10186	-146464	Undirected	4.0
10186	37814	Undirected	4.0
10186	102074	Undirected	4.0
10186	-450654	Undirected	4.0
10186	87566	Undirected	4.0
1450	-146464	Undirected	7.0
1450	37814	Undirected	4.0
1450	102074	Undirected	7.0
1450	-450654	Undirected	7.0
1450	87566	Undirected	5.0
1450	-117640	Undirected	4.0
-146464	37814	Undirected	4.0
-146464	102074	Undirected	7.0
-146464	-450654	Undirected	7.0
-146464	87566	Undirected	5.0
-146464	-117640	Undirected	4.0
37814	102074	Undirected	4.0
37814	-450654	Undirected	4.0
37814	87566	Undirected	4.0
102074	-450654	Undirected	7.0
102074	87566	Undirected	5.0
102074	-117640	Undirected	4.0
102074	9602	Undirected	4.0
-450654	87566	Undirected	5.0
-450654	-117640	Undirected	4.0
87566	3558	Undirected	4.0
87566	14808	Undirected	4.0
87566	37796	Undirected	4.0
87566	27937	Undirected	4.0
87566	109496	Undirected	4.0
87566	10640	Undirected	4.0
87566	-117640	Undirected	5.0
87566	15576	Undirected	4.0
87566	5779	Undirected	4.0
87566	122900	Undirected	5.0
87331	-136653	Undirected	5.0
87331	91663	Undirected	5.0
87331	54555	Undirected	5.0
-136653	91663	Undirected	5.0
-136653	54555	Undirected	5.0
91663	54555	Undirected	5.0
27824	2212	Undirected	4.0
27824	1080	Undirected	4.0
27824	45632	Undirected	4.0
27824	106698	Undirected	4.0
27824	67074	Undirected	4.0
27824	-200461	Undirected	4.0
27824	11965	Undirected	4.0
27824	7956	Undirected	4.0
27824	12101	Undirected	4.0
108593	101281	Undirected	4.0
108593	-140023	Undirected	4.0
108593	-435967	Undirected	4.0
108593	36017	Undirected	4.0
108593	-114894	Undirected	4.0
108593	80062	Undirected	4.0
108593	-443602	Undirected	4.0
108593	123849	Undirected	4.0
108593	78277	Undirected	4.0
108593	128838	Undirected	4.0
108593	-462042	Undirected	4.0
108593	15654	Undirected	4.0
108593	120065	Undirected	4.0
108593	-160495	Undirected	4.0
108593	-118249	Undirected	4.0
108593	-115191	Undirected	4.0
56489	72673	Undirected	6.0
56489	-430605	Undirected	6.0
56489	-118399	Undirected	6.0
56489	-99052	Undirected	6.0
56489	-106888	Undirected	6.0
56489	-41635	Undirected	6.0
56489	114536	Undirected	6.0
56489	-430606	Undirected	6.0
56489	101281	Undirected	6.0
56489	-367917	Undirected	6.0
72673	-430605	Undirected	6.0
72673	-118399	Undirected	6.0
72673	-99052	Undirected	6.0
72673	-106888	Undirected	6.0
72673	-41635	Undirected	6.0
72673	114536	Undirected	6.0
72673	-430606	Undirected	6.0
72673	101281	Undirected	6.0
72673	-367917	Undirected	6.0
-430605	-118399	Undirected	6.0
-430605	-99052	Undirected	6.0
-430605	-106888	Undirected	6.0
-430605	-41635	Undirected	6.0
-430605	114536	Undirected	6.0
-430605	-430606	Undirected	6.0
-430605	101281	Undirected	6.0
-430605	-367917	Undirected	6.0
-118399	-99052	Undirected	6.0
-118399	-106888	Undirected	6.0
-118399	-41635	Undirected	6.0
-118399	114536	Undirected	6.0
-118399	-430606	Undirected	6.0
-118399	101281	Undirected	6.0
-118399	-367917	Undirected	6.0
-99052	-106888	Undirected	6.0
-99052	-41635	Undirected	6.0
-99052	114536	Undirected	6.0
-99052	-430606	Undirected	6.0
-99052	101281	Undirected	6.0
-99052	-367917	Undirected	6.0
-106888	-41635	Undirected	6.0
-106888	114536	Undirected	6.0
-106888	-430606	Undirected	6.0
-106888	101281	Undirected	6.0
-106888	-367917	Undirected	6.0
-41635	114536	Undirected	6.0
-41635	-430606	Undirected	6.0
-41635	101281	Undirected	6.0
-41635	-367917	Undirected	6.0
114536	-430606	Undirected	6.0
114536	101281	Undirected	6.0
114536	-367917	Undirected	6.0
-430606	101281	Undirected	6.0
-430606	-367917	Undirected	6.0
101281	-367917	Undirected	6.0
101281	-140023	Undirected	4.0
101281	-435967	Undirected	4.0
101281	-437916	Undirected	4.0
101281	36017	Undirected	4.0
101281	-467365	Undirected	4.0
101281	29749	Undirected	5.0
101281	-427520	Undirected	5.0
101281	-462456	Undirected	5.0
101281	-114894	Undirected	4.0
101281	80062	Undirected	4.0
101281	-443602	Undirected	4.0
101281	123849	Undirected	4.0
101281	78277	Undirected	4.0
101281	128838	Undirected	4.0
101281	-462042	Undirected	4.0
101281	15654	Undirected	4.0
101281	120065	Undirected	4.0
101281	-160495	Undirected	4.0
101281	-118249	Undirected	4.0
101281	-115191	Undirected	4.0
-121324	8423	Undirected	4.0
-121324	-16428	Undirected	5.0
-121324	34258	Undirected	5.0
8423	-16428	Undirected	4.0
8423	34258	Undirected	4.0
-16428	34258	Undirected	5.0
34258	13805	Undirected	4.0
14808	37796	Undirected	4.0
14808	27937	Undirected	4.0
37796	27937	Undirected	4.0
37796	27204	Undirected	5.0
37796	-295071	Undirected	5.0
37796	119882	Undirected	4.0
37796	17558	Undirected	4.0
37796	108792	Undirected	4.0
37796	102002	Undirected	4.0
37796	-453496	Undirected	4.0
37796	-3143	Undirected	5.0
37796	43874	Undirected	5.0
37796	-422664	Undirected	4.0
37796	-429500	Undirected	4.0
37796	73954	Undirected	4.0
37796	110100	Undirected	5.0
37796	-466014	Undirected	6.0
37796	-189602	Undirected	4.0
37796	12133	Undirected	4.0
11780	14362	Undirected	4.0
11780	107295	Undirected	4.0
11780	10928	Undirected	4.0
14362	107295	Undirected	4.0
-213336	111610	Undirected	4.0
-213336	109496	Undirected	4.0
-198610	27648	Undirected	4.0
-198610	73396	Undirected	4.0
-198610	98471	Undirected	4.0
-198610	-198753	Undirected	4.0
-198610	23398	Undirected	5.0
-198610	36758	Undirected	5.0
-198610	54239	Undirected	6.0
-198610	-117404	Undirected	5.0
-198610	31317	Undirected	5.0
-198610	46253	Undirected	5.0
-198610	790	Undirected	5.0
-198610	96816	Undirected	5.0
-198610	-515733	Undirected	5.0
111610	109496	Undirected	4.0
109496	-90213	Undirected	4.0
124327	-117640	Undirected	4.0
27204	-295071	Undirected	6.0
27204	119882	Undirected	4.0
27204	17558	Undirected	4.0
27204	108792	Undirected	4.0
27204	102002	Undirected	5.0
27204	-3143	Undirected	4.0
27204	125098	Undirected	4.0
27204	43874	Undirected	5.0
27204	110100	Undirected	5.0
27204	-466014	Undirected	4.0
27204	-189602	Undirected	4.0
27204	12133	Undirected	4.0
-295071	119882	Undirected	4.0
-295071	17558	Undirected	4.0
-295071	108792	Undirected	4.0
-295071	102002	Undirected	5.0
-295071	-3143	Undirected	4.0
-295071	125098	Undirected	4.0
-295071	43874	Undirected	5.0
-295071	110100	Undirected	5.0
-295071	-466014	Undirected	4.0
-295071	-189602	Undirected	4.0
-295071	12133	Undirected	4.0
7021	17558	Undirected	4.0
7021	108792	Undirected	4.0
7021	16252	Undirected	4.0
7021	27648	Undirected	4.0
7021	13851	Undirected	4.0
7021	117015	Undirected	4.0
7021	41801	Undirected	4.0
-366390	17558	Undirected	5.0
-366390	-123003	Undirected	4.0
-366390	111741	Undirected	5.0
-366390	273	Undirected	4.0
-366390	108792	Undirected	4.0
-366390	80862	Undirected	4.0
-366390	27648	Undirected	4.0
-366390	-258910	Undirected	4.0
-366390	-240050	Undirected	4.0
-366390	13096	Undirected	4.0
-366390	-159795	Undirected	5.0
-366390	-111019	Undirected	4.0
-366390	-165020	Undirected	4.0
-366390	32006	Undirected	4.0
-366390	6534	Undirected	5.0
-366390	-462639	Undirected	4.0
17558	-123003	Undirected	4.0
17558	111741	Undirected	5.0
17558	273	Undirected	4.0
17558	108792	Undirected	5.0
17558	16252	Undirected	4.0
17558	27648	Undirected	4.0
17558	28488	Undirected	4.0
17558	13851	Undirected	4.0
17558	117015	Undirected	4.0
17558	5562	Undirected	4.0
17558	-423577	Undirected	4.0
17558	-250227	Undirected	4.0
17558	41801	Undirected	4.0
17558	9043	Undirected	4.0
17558	111427	Undirected	4.0
17558	102002	Undirected	4.0
17558	27411	Undirected	4.0
17558	-159795	Undirected	4.0
17558	47424	Undirected	4.0
17558	54239	Undirected	4.0
17558	32006	Undirected	4.0
17558	6534	Undirected	5.0
17558	-462639	Undirected	4.0
17558	58296	Undirected	4.0
17558	-297059	Undirected	4.0
-123003	111741	Undirected	5.0
-123003	37876	Undirected	4.0
-123003	273	Undirected	5.0
-123003	108792	Undirected	5.0
-123003	-160191	Undirected	4.0
-123003	5562	Undirected	4.0
-123003	82965	Undirected	4.0
-123003	-423577	Undirected	4.0
-123003	-250227	Undirected	4.0
-123003	41801	Undirected	4.0
111741	37876	Undirected	4.0
111741	273	Undirected	5.0
111741	108792	Undirected	5.0
111741	-160191	Undirected	4.0
111741	28488	Undirected	4.0
111741	-258910	Undirected	4.0
111741	-188467	Undirected	4.0
111741	5562	Undirected	5.0
111741	82965	Undirected	4.0
111741	32176	Undirected	4.0
111741	-423577	Undirected	5.0
111741	-126494	Undirected	4.0
111741	44932	Undirected	5.0
111741	91763	Undirected	4.0
111741	-250227	Undirected	5.0
111741	-240050	Undirected	5.0
111741	13096	Undirected	4.0
111741	41801	Undirected	4.0
111741	9043	Undirected	4.0
111741	111427	Undirected	4.0
111741	-159795	Undirected	5.0
111741	9985	Undirected	4.0
111741	-248516	Undirected	4.0
111741	6534	Undirected	4.0
111741	-462639	Undirected	4.0
37876	273	Undirected	4.0
37876	108792	Undirected	4.0
37876	-160191	Undirected	4.0
273	108792	Undirected	5.0
273	-160191	Undirected	4.0
273	5562	Undirected	4.0
273	82965	Undirected	4.0
273	-423577	Undirected	4.0
273	-250227	Undirected	4.0
273	41801	Undirected	4.0
108792	-160191	Undirected	4.0
108792	16252	Undirected	4.0
108792	27648	Undirected	4.0
108792	28488	Undirected	4.0
108792	13851	Undirected	4.0
108792	117015	Undirected	4.0
108792	5562	Undirected	5.0
108792	82965	Undirected	4.0
108792	32176	Undirected	4.0
108792	-423577	Undirected	5.0
108792	-250227	Undirected	5.0
108792	41801	Undirected	5.0
108792	9043	Undirected	4.0
108792	111427	Undirected	4.0
108792	102002	Undirected	4.0
108792	27411	Undirected	4.0
108792	47424	Undirected	4.0
108792	54239	Undirected	4.0
108792	32006	Undirected	4.0
108792	6534	Undirected	4.0
16252	27648	Undirected	4.0
-90213	83620	Undirected	4.0
-90213	38054	Undirected	4.0
-90213	8369	Undirected	4.0
-90213	10640	Undirected	5.0
-90213	3651	Undirected	4.0
-90213	21829	Undirected	4.0
-90213	-524980	Undirected	4.0
-90213	107194	Undirected	4.0
83620	38054	Undirected	4.0
83620	8369	Undirected	4.0
83620	10640	Undirected	4.0
83620	3651	Undirected	4.0
83620	21829	Undirected	4.0
83620	-524980	Undirected	4.0
38054	8369	Undirected	4.0
38054	10640	Undirected	4.0
38054	3651	Undirected	4.0
38054	21829	Undirected	4.0
38054	-524980	Undirected	4.0
8369	10640	Undirected	4.0
8369	3651	Undirected	4.0
8369	21829	Undirected	4.0
8369	-524980	Undirected	4.0
10640	3651	Undirected	4.0
10640	21829	Undirected	4.0
10640	-524980	Undirected	4.0
10640	107194	Undirected	4.0
3651	21829	Undirected	4.0
3651	-524980	Undirected	4.0
21829	-524980	Undirected	4.0
80862	27648	Undirected	7.0
80862	13851	Undirected	5.0
80862	117015	Undirected	5.0
80862	41801	Undirected	4.0
80862	-107177	Undirected	4.0
80862	-159795	Undirected	4.0
80862	10928	Undirected	4.0
80862	5179	Undirected	4.0
80862	32006	Undirected	4.0
80862	6534	Undirected	4.0
27648	73396	Undirected	4.0
27648	-117640	Undirected	4.0
27648	98471	Undirected	6.0
27648	59590	Undirected	4.0
27648	70039	Undirected	4.0
27648	9602	Undirected	5.0
27648	-449796	Undirected	4.0
27648	36023	Undirected	5.0
27648	115649	Undirected	4.0
27648	-391743	Undirected	6.0
27648	-373541	Undirected	4.0
27648	-157660	Undirected	4.0
27648	-113790	Undirected	4.0
27648	38217	Undirected	5.0
27648	56451	Undirected	5.0
27648	121144	Undirected	4.0
27648	-493306	Undirected	6.0
27648	-161432	Undirected	4.0
27648	37147	Undirected	4.0
27648	44683	Undirected	6.0
27648	39014	Undirected	4.0
27648	29233	Undirected	4.0
27648	13851	Undirected	6.0
27648	117015	Undirected	6.0
27648	42432	Undirected	4.0
27648	5562	Undirected	5.0
27648	82965	Undirected	4.0
27648	32176	Undirected	4.0
27648	-423577	Undirected	5.0
27648	-126494	Undirected	4.0
27648	44932	Undirected	4.0
27648	-250227	Undirected	5.0
27648	-240050	Undirected	4.0
27648	13096	Undirected	4.0
27648	41801	Undirected	6.0
27648	9043	Undirected	4.0
27648	111427	Undirected	4.0
27648	102002	Undirected	4.0
27648	71083	Undirected	4.0
27648	27411	Undirected	5.0
27648	-79655	Undirected	4.0
27648	-107177	Undirected	7.0
27648	-159795	Undirected	5.0
27648	78648	Undirected	5.0
27648	10928	Undirected	4.0
27648	47424	Undirected	4.0
27648	-133775	Undirected	4.0
27648	99913	Undirected	4.0
27648	-189602	Undirected	4.0
27648	54239	Undirected	5.0
27648	-165020	Undirected	4.0
27648	5179	Undirected	4.0
27648	32006	Undirected	5.0
27648	6534	Undirected	5.0
27648	-462639	Undirected	4.0
73396	98471	Undirected	4.0
-117640	-198753	Undirected	4.0
-117640	-399564	Undirected	4.0
-117640	-518814	Undirected	4.0
-117640	122900	Undirected	4.0
98471	59590	Undirected	4.0
98471	70039	Undirected	4.0
98471	9602	Undirected	4.0
98471	36023	Undirected	4.0
98471	101121	Undirected	4.0
98471	-188467	Undirected	4.0
98471	-107944	Undirected	4.0
98471	6586	Undirected	4.0
98471	5562	Undirected	4.0
98471	123706	Undirected	4.0
98471	82965	Undirected	4.0
98471	32169	Undirected	4.0
98471	32176	Undirected	4.0
98471	29788	Undirected	4.0
98471	-423577	Undirected	4.0
98471	-126494	Undirected	5.0
98471	44932	Undirected	5.0
98471	11031	Undirected	4.0
98471	16783	Undirected	4.0
98471	73469	Undirected	4.0
98471	91763	Undirected	4.0
98471	-250227	Undirected	4.0
98471	-240050	Undirected	4.0
98471	13096	Undirected	4.0
98471	41801	Undirected	4.0
98471	-188696	Undirected	4.0
98471	-98711	Undirected	4.0
98471	-19895	Undirected	4.0
98471	120848	Undirected	4.0
98471	-187035	Undirected	4.0
98471	48909	Undirected	4.0
98471	41099	Undirected	4.0
98471	74046	Undirected	4.0
98471	107590	Undirected	4.0
59590	70039	Undirected	4.0
115654	15576	Undirected	4.0
115654	5779	Undirected	4.0
115654	31745	Undirected	4.0
-140023	48889	Undirected	4.0
-140023	-417821	Undirected	4.0
-140023	-423371	Undirected	4.0
-140023	-435967	Undirected	6.0
-140023	-437916	Undirected	4.0
-140023	28147	Undirected	4.0
-140023	124382	Undirected	4.0
-140023	-271973	Undirected	4.0
-140023	-160778	Undirected	4.0
-140023	-156057	Undirected	4.0
-140023	-125228	Undirected	4.0
-140023	-117033	Undirected	4.0
-140023	-108747	Undirected	4.0
-140023	-91059	Undirected	4.0
-140023	-88127	Undirected	4.0
-140023	-88121	Undirected	4.0
-140023	-17477	Undirected	4.0
-140023	-11250	Undirected	4.0
-140023	-3249	Undirected	4.0
-140023	83362	Undirected	4.0
-140023	-533001	Undirected	5.0
-140023	-545013	Undirected	5.0
-140023	117283	Undirected	5.0
-140023	-460230	Undirected	5.0
-140023	36017	Undirected	4.0
-140023	10318	Undirected	5.0
-140023	-114894	Undirected	4.0
-140023	-463277	Undirected	5.0
-140023	-87106	Undirected	6.0
-140023	-414546	Undirected	6.0
-140023	-163778	Undirected	5.0
-140023	-461902	Undirected	6.0
-140023	80062	Undirected	4.0
-140023	-443602	Undirected	4.0
-140023	123849	Undirected	4.0
-140023	78277	Undirected	4.0
-140023	128838	Undirected	4.0
-140023	-462042	Undirected	4.0
-140023	15654	Undirected	4.0
-140023	120065	Undirected	4.0
-140023	-160495	Undirected	4.0
-140023	-118249	Undirected	4.0
-140023	-115191	Undirected	4.0
22809	-160869	Undirected	4.0
9602	-449796	Undirected	5.0
9602	36023	Undirected	5.0
9602	5562	Undirected	4.0
9602	32176	Undirected	4.0
9602	-423577	Undirected	4.0
9602	-250227	Undirected	4.0
9602	41801	Undirected	4.0
9602	48909	Undirected	4.0
9602	27411	Undirected	4.0
9602	78648	Undirected	4.0
9602	99913	Undirected	4.0
9602	-189602	Undirected	4.0
9602	54239	Undirected	4.0
28488	-87724	Undirected	5.0
28488	55713	Undirected	4.0
28488	82895	Undirected	4.0
28488	7875	Undirected	4.0
28488	132139	Undirected	4.0
28488	-537220	Undirected	4.0
28488	5562	Undirected	4.0
28488	-423577	Undirected	4.0
28488	-250227	Undirected	4.0
28488	41801	Undirected	4.0
28488	9043	Undirected	5.0
28488	111427	Undirected	5.0
28488	32006	Undirected	4.0
28488	6534	Undirected	4.0
-449796	36023	Undirected	5.0
-449796	27411	Undirected	4.0
36023	27411	Undirected	4.0
36023	-79655	Undirected	4.0
10276	55720	Undirected	4.0
10276	-516970	Undirected	4.0
55720	-516970	Undirected	4.0
13805	73994	Undirected	5.0
13805	125973	Undirected	4.0
13805	-162649	Undirected	5.0
48889	-417821	Undirected	5.0
48889	-423371	Undirected	6.0
48889	-435967	Undirected	5.0
48889	-437916	Undirected	6.0
48889	28147	Undirected	5.0
48889	124382	Undirected	5.0
48889	-271973	Undirected	5.0
48889	-160778	Undirected	5.0
48889	-156057	Undirected	5.0
48889	-125228	Undirected	5.0
48889	-117033	Undirected	5.0
48889	-108747	Undirected	5.0
48889	-91059	Undirected	5.0
48889	-88127	Undirected	5.0
48889	-88121	Undirected	5.0
48889	-17477	Undirected	5.0
48889	-11250	Undirected	6.0
48889	-3249	Undirected	5.0
48889	83362	Undirected	6.0
48889	-533001	Undirected	4.0
48889	-545013	Undirected	4.0
48889	-178144	Undirected	4.0
48889	36017	Undirected	5.0
-417821	-423371	Undirected	5.0
-417821	-435967	Undirected	5.0
-417821	-437916	Undirected	5.0
-417821	28147	Undirected	5.0
-417821	124382	Undirected	5.0
-417821	-271973	Undirected	5.0
-417821	-160778	Undirected	5.0
-417821	-156057	Undirected	5.0
-417821	-125228	Undirected	5.0
-417821	-117033	Undirected	5.0
-417821	-108747	Undirected	5.0
-417821	-91059	Undirected	5.0
-417821	-88127	Undirected	5.0
-417821	-88121	Undirected	5.0
-417821	-17477	Undirected	5.0
-417821	-11250	Undirected	5.0
-417821	-3249	Undirected	5.0
-417821	83362	Undirected	5.0
-417821	-533001	Undirected	4.0
-417821	-545013	Undirected	4.0
-423371	-435967	Undirected	5.0
-423371	-437916	Undirected	5.0
-423371	28147	Undirected	5.0
-423371	124382	Undirected	5.0
-423371	-271973	Undirected	5.0
-423371	-160778	Undirected	5.0
-423371	-156057	Undirected	5.0
-423371	-125228	Undirected	5.0
-423371	-117033	Undirected	5.0
-423371	-108747	Undirected	5.0
-423371	-91059	Undirected	5.0
-423371	-88127	Undirected	5.0
-423371	-88121	Undirected	5.0
-423371	-17477	Undirected	5.0
-423371	-11250	Undirected	6.0
-423371	-3249	Undirected	5.0
-423371	83362	Undirected	6.0
-423371	-533001	Undirected	4.0
-423371	-545013	Undirected	4.0
-423371	36017	Undirected	4.0
-435967	-437916	Undirected	5.0
-435967	28147	Undirected	5.0
-435967	124382	Undirected	5.0
-435967	-271973	Undirected	5.0
-435967	-160778	Undirected	5.0
-435967	-156057	Undirected	5.0
-435967	-125228	Undirected	5.0
-435967	-117033	Undirected	5.0
-435967	-108747	Undirected	5.0
-435967	-91059	Undirected	5.0
-435967	-88127	Undirected	5.0
-435967	-88121	Undirected	5.0
-435967	-17477	Undirected	5.0
-435967	-11250	Undirected	5.0
-435967	-3249	Undirected	5.0
-435967	83362	Undirected	5.0
-435967	-533001	Undirected	6.0
-435967	-545013	Undirected	6.0
-435967	117283	Undirected	4.0
-435967	-460230	Undirected	4.0
-435967	36017	Undirected	4.0
-435967	10318	Undirected	4.0
-435967	-114894	Undirected	4.0
-435967	-87106	Undirected	4.0
-435967	-414546	Undirected	4.0
-435967	-461902	Undirected	4.0
-435967	80062	Undirected	4.0
-435967	-443602	Undirected	4.0
-435967	123849	Undirected	4.0
-435967	78277	Undirected	4.0
-435967	128838	Undirected	4.0
-435967	-462042	Undirected	4.0
-435967	15654	Undirected	4.0
-435967	120065	Undirected	4.0
-435967	-160495	Undirected	4.0
-435967	-118249	Undirected	4.0
-435967	-115191	Undirected	4.0
-437916	28147	Undirected	5.0
-437916	124382	Undirected	5.0
-437916	-271973	Undirected	5.0
-437916	-160778	Undirected	5.0
-437916	-156057	Undirected	5.0
-437916	-125228	Undirected	5.0
-437916	-117033	Undirected	5.0
-437916	-108747	Undirected	5.0
-437916	-91059	Undirected	5.0
-437916	-88127	Undirected	5.0
-437916	-88121	Undirected	5.0
-437916	-17477	Undirected	5.0
-437916	-11250	Undirected	5.0
-437916	-3249	Undirected	5.0
-437916	83362	Undirected	5.0
-437916	-533001	Undirected	4.0
-437916	-545013	Undirected	4.0
-437916	36017	Undirected	4.0
-437916	-272444	Undirected	4.0
-437916	-222179	Undirected	4.0
28147	124382	Undirected	5.0
28147	-271973	Undirected	5.0
28147	-160778	Undirected	5.0
28147	-156057	Undirected	5.0
28147	-125228	Undirected	5.0
28147	-117033	Undirected	5.0
28147	-108747	Undirected	5.0
28147	-91059	Undirected	5.0
28147	-88127	Undirected	5.0
28147	-88121	Undirected	5.0
28147	-17477	Undirected	5.0
28147	-11250	Undirected	5.0
28147	-3249	Undirected	5.0
28147	83362	Undirected	5.0
28147	-533001	Undirected	4.0
28147	-545013	Undirected	4.0
124382	-271973	Undirected	5.0
124382	-160778	Undirected	5.0
124382	-156057	Undirected	5.0
124382	-125228	Undirected	5.0
124382	-117033	Undirected	5.0
124382	-108747	Undirected	5.0
124382	-91059	Undirected	5.0
124382	-88127	Undirected	5.0
124382	-88121	Undirected	5.0
124382	-17477	Undirected	5.0
124382	-11250	Undirected	5.0
124382	-3249	Undirected	5.0
124382	83362	Undirected	5.0
124382	-533001	Undirected	4.0
124382	-545013	Undirected	4.0
-271973	-160778	Undirected	5.0
-271973	-156057	Undirected	5.0
-271973	-125228	Undirected	5.0
-271973	-117033	Undirected	5.0
-271973	-108747	Undirected	5.0
-271973	-91059	Undirected	5.0
-271973	-88127	Undirected	5.0
-271973	-88121	Undirected	5.0
-271973	-17477	Undirected	5.0
-271973	-11250	Undirected	5.0
-271973	-3249	Undirected	5.0
-271973	83362	Undirected	5.0
-271973	-533001	Undirected	4.0
-271973	-545013	Undirected	4.0
-160778	-156057	Undirected	5.0
-160778	-125228	Undirected	5.0
-160778	-117033	Undirected	5.0
-160778	-108747	Undirected	5.0
-160778	-91059	Undirected	5.0
-160778	-88127	Undirected	5.0
-160778	-88121	Undirected	5.0
-160778	-17477	Undirected	5.0
-160778	-11250	Undirected	5.0
-160778	-3249	Undirected	5.0
-160778	83362	Undirected	5.0
-160778	-533001	Undirected	4.0
-160778	-545013	Undirected	4.0
-156057	-125228	Undirected	5.0
-156057	-117033	Undirected	5.0
-156057	-108747	Undirected	5.0
-156057	-91059	Undirected	5.0
-156057	-88127	Undirected	5.0
-156057	-88121	Undirected	5.0
-156057	-17477	Undirected	5.0
-156057	-11250	Undirected	5.0
-156057	-3249	Undirected	5.0
-156057	83362	Undirected	5.0
-156057	-533001	Undirected	4.0
-156057	-545013	Undirected	4.0
-125228	-117033	Undirected	5.0
-125228	-108747	Undirected	5.0
-125228	-91059	Undirected	5.0
-125228	-88127	Undirected	5.0
-125228	-88121	Undirected	5.0
-125228	-17477	Undirected	5.0
-125228	-11250	Undirected	5.0
-125228	-3249	Undirected	5.0
-125228	83362	Undirected	5.0
-125228	-533001	Undirected	4.0
-125228	-545013	Undirected	4.0
-117033	-108747	Undirected	5.0
-117033	-91059	Undirected	5.0
-117033	-88127	Undirected	5.0
-117033	-88121	Undirected	5.0
-117033	-17477	Undirected	5.0
-117033	-11250	Undirected	5.0
-117033	-3249	Undirected	5.0
-117033	83362	Undirected	5.0
-117033	-533001	Undirected	4.0
-117033	-545013	Undirected	4.0
-108747	-91059	Undirected	5.0
-108747	-88127	Undirected	5.0
-108747	-88121	Undirected	5.0
-108747	-17477	Undirected	5.0
-108747	-11250	Undirected	5.0
-108747	-3249	Undirected	5.0
-108747	83362	Undirected	5.0
-108747	-533001	Undirected	4.0
-108747	-545013	Undirected	4.0
-91059	-88127	Undirected	5.0
-91059	-88121	Undirected	5.0
-91059	-17477	Undirected	5.0
-91059	-11250	Undirected	5.0
-91059	-3249	Undirected	5.0
-91059	83362	Undirected	5.0
-91059	-533001	Undirected	4.0
-91059	-545013	Undirected	4.0
-88127	-88121	Undirected	5.0
-88127	-17477	Undirected	5.0
-88127	-11250	Undirected	5.0
-88127	-3249	Undirected	5.0
-88127	83362	Undirected	5.0
-88127	-533001	Undirected	4.0
-88127	-545013	Undirected	4.0
-88121	-17477	Undirected	5.0
-88121	-11250	Undirected	5.0
-88121	-3249	Undirected	5.0
-88121	83362	Undirected	5.0
-88121	-533001	Undirected	4.0
-88121	-545013	Undirected	4.0
-17477	-11250	Undirected	5.0
-17477	-3249	Undirected	5.0
-17477	83362	Undirected	5.0
-17477	-533001	Undirected	4.0
-17477	-545013	Undirected	4.0
-11250	-3249	Undirected	5.0
-11250	83362	Undirected	6.0
-11250	-533001	Undirected	4.0
-11250	-545013	Undirected	4.0
-11250	36017	Undirected	4.0
-3249	83362	Undirected	5.0
-3249	-533001	Undirected	4.0
-3249	-545013	Undirected	4.0
83362	-533001	Undirected	4.0
83362	-545013	Undirected	4.0
83362	36017	Undirected	4.0
-533001	-545013	Undirected	6.0
-533001	117283	Undirected	4.0
-533001	-460230	Undirected	4.0
-533001	10318	Undirected	4.0
-545013	117283	Undirected	4.0
-545013	-460230	Undirected	4.0
-545013	10318	Undirected	4.0
117283	-460230	Undirected	5.0
-398512	59056	Undirected	4.0
2212	1080	Undirected	6.0
2212	45632	Undirected	6.0
2212	106698	Undirected	6.0
2212	67074	Undirected	6.0
2212	-200461	Undirected	4.0
2212	11965	Undirected	4.0
2212	7956	Undirected	4.0
2212	12101	Undirected	4.0
1080	45632	Undirected	6.0
1080	106698	Undirected	6.0
1080	67074	Undirected	6.0
1080	-200461	Undirected	4.0
1080	11965	Undirected	4.0
1080	7956	Undirected	4.0
1080	12101	Undirected	4.0
45632	106698	Undirected	6.0
45632	67074	Undirected	6.0
45632	-200461	Undirected	4.0
45632	11965	Undirected	4.0
45632	7956	Undirected	5.0
45632	12101	Undirected	4.0
106698	67074	Undirected	6.0
106698	-200461	Undirected	4.0
106698	11965	Undirected	4.0
106698	7956	Undirected	4.0
106698	12101	Undirected	4.0
67074	-200461	Undirected	4.0
67074	11965	Undirected	4.0
67074	7956	Undirected	4.0
67074	12101	Undirected	4.0
46128	8465	Undirected	6.0
46128	50579	Undirected	7.0
46128	13368	Undirected	6.0
46128	16880	Undirected	6.0
46128	4553	Undirected	6.0
46128	-258910	Undirected	5.0
46128	82833	Undirected	6.0
46128	13330	Undirected	6.0
46128	37881	Undirected	6.0
46128	94859	Undirected	7.0
46128	-240050	Undirected	4.0
46128	13096	Undirected	4.0
46128	123469	Undirected	4.0
46128	-120856	Undirected	4.0
46128	43826	Undirected	5.0
46128	-468308	Undirected	4.0
46128	-10819	Undirected	4.0
46128	107535	Undirected	5.0
8465	50579	Undirected	6.0
8465	13368	Undirected	6.0
8465	16880	Undirected	6.0
8465	4553	Undirected	6.0
8465	94859	Undirected	4.0
8465	123469	Undirected	4.0
8465	-120856	Undirected	4.0
8465	43826	Undirected	4.0
8465	-468308	Undirected	4.0
50579	13368	Undirected	6.0
50579	16880	Undirected	6.0
50579	4553	Undirected	6.0
50579	-258910	Undirected	4.0
50579	94859	Undirected	4.0
50579	123469	Undirected	4.0
50579	-120856	Undirected	4.0
50579	43826	Undirected	4.0
50579	-468308	Undirected	4.0
50579	-10819	Undirected	4.0
50579	107535	Undirected	4.0
13368	16880	Undirected	6.0
13368	4553	Undirected	6.0
13368	94859	Undirected	4.0
13368	123469	Undirected	4.0
13368	-120856	Undirected	4.0
13368	43826	Undirected	4.0
13368	-468308	Undirected	4.0
16880	4553	Undirected	6.0
16880	94859	Undirected	4.0
16880	123469	Undirected	4.0
16880	-120856	Undirected	4.0
16880	43826	Undirected	4.0
16880	-468308	Undirected	4.0
4553	94859	Undirected	4.0
4553	123469	Undirected	4.0
4553	-120856	Undirected	4.0
4553	43826	Undirected	4.0
4553	-468308	Undirected	4.0
74102	-258910	Undirected	4.0
-200461	11965	Undirected	4.0
-200461	7956	Undirected	4.0
-200461	12101	Undirected	4.0
11965	7956	Undirected	4.0
11965	12101	Undirected	4.0
11300	16440	Undirected	4.0
-211119	29633	Undirected	6.0
-258910	44932	Undirected	4.0
-258910	-240050	Undirected	5.0
-258910	13096	Undirected	5.0
-258910	-159795	Undirected	4.0
-258910	-165020	Undirected	4.0
-258910	6534	Undirected	4.0
-258910	-462639	Undirected	4.0
7956	12101	Undirected	4.0
82833	13330	Undirected	6.0
82833	37881	Undirected	6.0
82833	94859	Undirected	6.0
82833	43826	Undirected	4.0
82833	107535	Undirected	4.0
13330	37881	Undirected	6.0
13330	94859	Undirected	6.0
13330	43826	Undirected	4.0
13330	107535	Undirected	4.0
37881	94859	Undirected	6.0
37881	43826	Undirected	4.0
37881	107535	Undirected	4.0
94859	123469	Undirected	5.0
94859	-120856	Undirected	5.0
94859	43826	Undirected	6.0
94859	-468308	Undirected	5.0
94859	107535	Undirected	4.0
73994	92000	Undirected	5.0
73994	3889	Undirected	5.0
73994	-15988	Undirected	5.0
73994	-14854	Undirected	5.0
73994	-15906	Undirected	5.0
73994	125973	Undirected	4.0
73994	-162649	Undirected	4.0
73994	27411	Undirected	4.0
73994	-130149	Undirected	4.0
92000	3889	Undirected	5.0
92000	-15988	Undirected	5.0
92000	-14854	Undirected	5.0
92000	-15906	Undirected	5.0
92000	125973	Undirected	4.0
3889	-15988	Undirected	5.0
3889	-14854	Undirected	5.0
3889	-15906	Undirected	5.0
3889	125973	Undirected	4.0
-15988	-14854	Undirected	5.0
-15988	-15906	Undirected	5.0
-15988	125973	Undirected	4.0
-14854	-15906	Undirected	5.0
-14854	125973	Undirected	4.0
-15906	125973	Undirected	4.0
125973	-162649	Undirected	4.0
-97445	10636	Undirected	5.0
-97445	-467571	Undirected	5.0
-97445	-502987	Undirected	5.0
-97445	-547615	Undirected	5.0
-97445	-547284	Undirected	5.0
-97445	-547376	Undirected	5.0
-97445	-547368	Undirected	5.0
72828	10327	Undirected	4.0
115649	-391743	Undirected	4.0
115649	-373541	Undirected	4.0
115649	-157660	Undirected	4.0
115649	-113790	Undirected	4.0
115649	38217	Undirected	4.0
115649	56451	Undirected	4.0
115649	121144	Undirected	4.0
115649	-493306	Undirected	4.0
-391743	-373541	Undirected	4.0
-391743	-157660	Undirected	4.0
-391743	-113790	Undirected	4.0
-391743	38217	Undirected	4.0
-391743	56451	Undirected	4.0
-391743	121144	Undirected	4.0
-391743	-493306	Undirected	5.0
-391743	-161432	Undirected	4.0
-391743	37147	Undirected	4.0
-391743	44683	Undirected	5.0
-373541	-157660	Undirected	4.0
-373541	-113790	Undirected	4.0
-373541	38217	Undirected	4.0
-373541	56451	Undirected	4.0
-373541	121144	Undirected	4.0
-373541	-493306	Undirected	4.0
-157660	-113790	Undirected	4.0
-157660	38217	Undirected	4.0
-157660	56451	Undirected	4.0
-157660	121144	Undirected	4.0
-157660	-493306	Undirected	4.0
-113790	38217	Undirected	4.0
-113790	56451	Undirected	4.0
-113790	121144	Undirected	4.0
-113790	-493306	Undirected	4.0
38217	56451	Undirected	5.0
38217	121144	Undirected	4.0
38217	-493306	Undirected	4.0
56451	121144	Undirected	4.0
56451	-493306	Undirected	4.0
121144	-493306	Undirected	4.0
-493306	44683	Undirected	5.0
-161432	37147	Undirected	4.0
-161432	44683	Undirected	4.0
37147	44683	Undirected	4.0
44683	71083	Undirected	4.0
44683	27411	Undirected	4.0
44683	78648	Undirected	4.0
29233	13851	Undirected	4.0
29233	117015	Undirected	4.0
13851	117015	Undirected	6.0
13851	5562	Undirected	4.0
13851	-423577	Undirected	4.0
13851	-250227	Undirected	4.0
13851	41801	Undirected	5.0
13851	102002	Undirected	4.0
13851	27411	Undirected	4.0
13851	-107177	Undirected	4.0
13851	47424	Undirected	4.0
13851	54239	Undirected	4.0
13851	32006	Undirected	4.0
13851	6534	Undirected	4.0
117015	5562	Undirected	4.0
117015	-423577	Undirected	4.0
117015	-250227	Undirected	4.0
117015	41801	Undirected	5.0
117015	102002	Undirected	4.0
117015	27411	Undirected	4.0
117015	-107177	Undirected	4.0
117015	47424	Undirected	4.0
117015	54239	Undirected	4.0
117015	32006	Undirected	4.0
117015	6534	Undirected	4.0
21646	82895	Undirected	4.0
21646	7875	Undirected	4.0
21646	132139	Undirected	4.0
82895	7875	Undirected	5.0
82895	132139	Undirected	5.0
82895	-537220	Undirected	4.0
82895	9043	Undirected	4.0
82895	111427	Undirected	4.0
82895	18960	Undirected	4.0
7875	132139	Undirected	6.0
7875	40551	Undirected	4.0
7875	-89131	Undirected	4.0
7875	-537220	Undirected	4.0
7875	-83354	Undirected	4.0
7875	125088	Undirected	4.0
7875	42432	Undirected	4.0
7875	7695	Undirected	4.0
7875	41801	Undirected	4.0
7875	9043	Undirected	4.0
7875	111427	Undirected	4.0
7875	18960	Undirected	4.0
7875	-253003	Undirected	4.0
132139	40551	Undirected	4.0
132139	-89131	Undirected	4.0
132139	-537220	Undirected	4.0
132139	-83354	Undirected	4.0
132139	125088	Undirected	4.0
132139	42432	Undirected	4.0
132139	7695	Undirected	4.0
132139	41801	Undirected	4.0
132139	9043	Undirected	4.0
132139	111427	Undirected	4.0
132139	18960	Undirected	4.0
132139	-253003	Undirected	4.0
-178909	5562	Undirected	4.0
-178909	82965	Undirected	4.0
-178909	-423577	Undirected	4.0
-178909	-250227	Undirected	4.0
-178909	41801	Undirected	4.0
3017	5821	Undirected	4.0
3017	44932	Undirected	4.0
17160	50221	Undirected	4.0
17160	123480	Undirected	4.0
17160	-109103	Undirected	4.0
5821	44932	Undirected	4.0
40551	-89131	Undirected	4.0
40551	-83354	Undirected	4.0
40551	125088	Undirected	4.0
40551	42432	Undirected	4.0
40551	7695	Undirected	4.0
40551	41801	Undirected	4.0
-89131	-83354	Undirected	4.0
-89131	125088	Undirected	4.0
-89131	42432	Undirected	4.0
-89131	7695	Undirected	4.0
-89131	41801	Undirected	4.0
-537220	42432	Undirected	4.0
-537220	9043	Undirected	4.0
-537220	111427	Undirected	4.0
-537220	6534	Undirected	4.0
-537220	5587	Undirected	4.0
-537220	18960	Undirected	4.0
-83354	125088	Undirected	4.0
-83354	42432	Undirected	4.0
-83354	7695	Undirected	4.0
-83354	41801	Undirected	4.0
125088	42432	Undirected	4.0
125088	7695	Undirected	4.0
125088	41801	Undirected	4.0
42432	7695	Undirected	4.0
42432	41801	Undirected	4.0
42432	-107177	Undirected	4.0
7695	41801	Undirected	4.0
101121	-188467	Undirected	4.0
101121	-107944	Undirected	4.0
101121	6586	Undirected	4.0
101121	5562	Undirected	4.0
101121	123706	Undirected	4.0
101121	82965	Undirected	4.0
101121	32169	Undirected	4.0
101121	32176	Undirected	4.0
101121	29788	Undirected	4.0
101121	-423577	Undirected	4.0
101121	-126494	Undirected	4.0
101121	44932	Undirected	4.0
101121	11031	Undirected	4.0
101121	16783	Undirected	4.0
101121	73469	Undirected	4.0
101121	91763	Undirected	4.0
101121	-250227	Undirected	4.0
101121	-240050	Undirected	4.0
101121	13096	Undirected	4.0
101121	41801	Undirected	4.0
101121	-188696	Undirected	4.0
101121	-98711	Undirected	4.0
101121	-19895	Undirected	4.0
101121	120848	Undirected	4.0
101121	-187035	Undirected	4.0
101121	48909	Undirected	4.0
101121	41099	Undirected	4.0
101121	74046	Undirected	4.0
101121	107590	Undirected	4.0
-188467	-107944	Undirected	4.0
-188467	6586	Undirected	4.0
-188467	5562	Undirected	5.0
-188467	123706	Undirected	4.0
-188467	82965	Undirected	4.0
-188467	32169	Undirected	4.0
-188467	32176	Undirected	5.0
-188467	29788	Undirected	4.0
-188467	-423577	Undirected	5.0
-188467	-126494	Undirected	5.0
-188467	44932	Undirected	5.0
-188467	11031	Undirected	4.0
-188467	16783	Undirected	4.0
-188467	73469	Undirected	4.0
-188467	91763	Undirected	5.0
-188467	-250227	Undirected	5.0
-188467	-240050	Undirected	5.0
-188467	13096	Undirected	4.0
-188467	41801	Undirected	4.0
-188467	-188696	Undirected	4.0
-188467	-98711	Undirected	4.0
-188467	-19895	Undirected	4.0
-188467	120848	Undirected	4.0
-188467	-187035	Undirected	4.0
-188467	48909	Undirected	4.0
-188467	41099	Undirected	4.0
-188467	74046	Undirected	4.0
-188467	107590	Undirected	4.0
-107944	6586	Undirected	4.0
-107944	5562	Undirected	4.0
-107944	123706	Undirected	4.0
-107944	82965	Undirected	4.0
-107944	32169	Undirected	4.0
-107944	32176	Undirected	4.0
-107944	29788	Undirected	4.0
-107944	-423577	Undirected	4.0
-107944	-126494	Undirected	4.0
-107944	44932	Undirected	4.0
-107944	11031	Undirected	4.0
-107944	16783	Undirected	4.0
-107944	73469	Undirected	4.0
-107944	91763	Undirected	4.0
-107944	-250227	Undirected	4.0
-107944	-240050	Undirected	4.0
-107944	13096	Undirected	4.0
-107944	41801	Undirected	4.0
-107944	-188696	Undirected	4.0
-107944	-98711	Undirected	4.0
-107944	-19895	Undirected	4.0
-107944	120848	Undirected	4.0
-107944	-187035	Undirected	4.0
-107944	48909	Undirected	4.0
-107944	41099	Undirected	4.0
-107944	74046	Undirected	4.0
-107944	107590	Undirected	4.0
6586	5562	Undirected	4.0
6586	123706	Undirected	4.0
6586	82965	Undirected	4.0
6586	32169	Undirected	4.0
6586	32176	Undirected	4.0
6586	29788	Undirected	4.0
6586	-423577	Undirected	4.0
6586	-126494	Undirected	4.0
6586	44932	Undirected	4.0
6586	11031	Undirected	4.0
6586	16783	Undirected	4.0
6586	73469	Undirected	4.0
6586	91763	Undirected	4.0
6586	-250227	Undirected	4.0
6586	-240050	Undirected	4.0
6586	13096	Undirected	4.0
6586	41801	Undirected	4.0
6586	-188696	Undirected	4.0
6586	-98711	Undirected	4.0
6586	-19895	Undirected	4.0
6586	120848	Undirected	4.0
6586	-187035	Undirected	4.0
6586	48909	Undirected	4.0
6586	41099	Undirected	4.0
6586	74046	Undirected	4.0
6586	107590	Undirected	4.0
5562	123706	Undirected	4.0
5562	82965	Undirected	5.0
5562	32169	Undirected	4.0
5562	32176	Undirected	6.0
5562	29788	Undirected	4.0
5562	-423577	Undirected	7.0
5562	-126494	Undirected	5.0
5562	44932	Undirected	5.0
5562	11031	Undirected	4.0
5562	16783	Undirected	4.0
5562	73469	Undirected	4.0
5562	91763	Undirected	5.0
5562	-250227	Undirected	7.0
5562	-240050	Undirected	5.0
5562	13096	Undirected	4.0
5562	41801	Undirected	6.0
5562	-188696	Undirected	4.0
5562	-98711	Undirected	4.0
5562	-19895	Undirected	4.0
5562	120848	Undirected	4.0
5562	-187035	Undirected	4.0
5562	48909	Undirected	4.0
5562	41099	Undirected	4.0
5562	74046	Undirected	4.0
5562	107590	Undirected	4.0
5562	9043	Undirected	4.0
5562	111427	Undirected	4.0
5562	102002	Undirected	4.0
5562	27411	Undirected	4.0
5562	-159795	Undirected	4.0
5562	78648	Undirected	4.0
5562	47424	Undirected	4.0
5562	99913	Undirected	4.0
5562	-189602	Undirected	4.0
5562	54239	Undirected	5.0
5562	9985	Undirected	4.0
5562	-248516	Undirected	4.0
5562	32006	Undirected	4.0
5562	6534	Undirected	4.0
5562	-462639	Undirected	4.0
123706	82965	Undirected	4.0
123706	32169	Undirected	4.0
123706	32176	Undirected	4.0
123706	29788	Undirected	4.0
123706	-423577	Undirected	4.0
123706	-126494	Undirected	4.0
123706	44932	Undirected	4.0
123706	11031	Undirected	4.0
123706	16783	Undirected	4.0
123706	73469	Undirected	4.0
123706	91763	Undirected	4.0
123706	-250227	Undirected	4.0
123706	-240050	Undirected	4.0
123706	13096	Undirected	4.0
123706	41801	Undirected	4.0
123706	-188696	Undirected	4.0
123706	-98711	Undirected	4.0
123706	-19895	Undirected	4.0
123706	120848	Undirected	4.0
123706	-187035	Undirected	4.0
123706	48909	Undirected	4.0
123706	41099	Undirected	4.0
123706	74046	Undirected	4.0
123706	107590	Undirected	4.0
82965	32169	Undirected	4.0
82965	32176	Undirected	4.0
82965	29788	Undirected	4.0
82965	-423577	Undirected	5.0
82965	-126494	Undirected	4.0
82965	44932	Undirected	4.0
82965	11031	Undirected	4.0
82965	16783	Undirected	4.0
82965	73469	Undirected	4.0
82965	91763	Undirected	4.0
82965	-250227	Undirected	5.0
82965	-240050	Undirected	4.0
82965	13096	Undirected	4.0
82965	41801	Undirected	5.0
82965	-188696	Undirected	4.0
82965	-98711	Undirected	4.0
82965	-19895	Undirected	4.0
82965	120848	Undirected	4.0
82965	-187035	Undirected	4.0
82965	48909	Undirected	4.0
82965	41099	Undirected	4.0
82965	74046	Undirected	4.0
82965	107590	Undirected	4.0
82965	54239	Undirected	4.0
32169	32176	Undirected	4.0
32169	29788	Undirected	4.0
32169	-423577	Undirected	4.0
32169	-126494	Undirected	4.0
32169	44932	Undirected	4.0
32169	11031	Undirected	4.0
32169	16783	Undirected	4.0
32169	73469	Undirected	4.0
32169	91763	Undirected	4.0
32169	-250227	Undirected	4.0
32169	-240050	Undirected	4.0
32169	13096	Undirected	4.0
32169	41801	Undirected	4.0
32169	-188696	Undirected	4.0
32169	-98711	Undirected	4.0
32169	-19895	Undirected	4.0
32169	120848	Undirected	4.0
32169	-187035	Undirected	4.0
32169	48909	Undirected	4.0
32169	41099	Undirected	4.0
32169	74046	Undirected	4.0
32169	107590	Undirected	4.0
32176	29788	Undirected	4.0
32176	-423577	Undirected	6.0
32176	-126494	Undirected	5.0
32176	44932	Undirected	5.0
32176	11031	Undirected	4.0
32176	16783	Undirected	4.0
32176	73469	Undirected	4.0
32176	91763	Undirected	5.0
32176	-250227	Undirected	6.0
32176	-240050	Undirected	5.0
32176	13096	Undirected	4.0
32176	41801	Undirected	5.0
32176	-188696	Undirected	4.0
32176	-98711	Undirected	4.0
32176	-19895	Undirected	4.0
32176	120848	Undirected	4.0
32176	-187035	Undirected	4.0
32176	48909	Undirected	4.0
32176	41099	Undirected	4.0
32176	74046	Undirected	4.0
32176	107590	Undirected	4.0
32176	99913	Undirected	4.0
32176	-189602	Undirected	4.0
32176	54239	Undirected	4.0
32176	-462639	Undirected	4.0
29788	-423577	Undirected	4.0
29788	-126494	Undirected	4.0
29788	44932	Undirected	4.0
29788	11031	Undirected	4.0
29788	16783	Undirected	4.0
29788	73469	Undirected	4.0
29788	91763	Undirected	4.0
29788	-250227	Undirected	4.0
29788	-240050	Undirected	4.0
29788	13096	Undirected	4.0
29788	41801	Undirected	4.0
29788	-188696	Undirected	4.0
29788	-98711	Undirected	4.0
29788	-19895	Undirected	4.0
29788	120848	Undirected	4.0
29788	-187035	Undirected	4.0
29788	48909	Undirected	4.0
29788	41099	Undirected	4.0
29788	74046	Undirected	4.0
29788	107590	Undirected	4.0
-423577	-126494	Undirected	5.0
-423577	44932	Undirected	5.0
-423577	11031	Undirected	4.0
-423577	16783	Undirected	4.0
-423577	73469	Undirected	4.0
-423577	91763	Undirected	5.0
-423577	-250227	Undirected	7.0
-423577	-240050	Undirected	5.0
-423577	13096	Undirected	4.0
-423577	41801	Undirected	6.0
-423577	-188696	Undirected	4.0
-423577	-98711	Undirected	4.0
-423577	-19895	Undirected	4.0
-423577	120848	Undirected	4.0
-423577	-187035	Undirected	4.0
-423577	48909	Undirected	4.0
-423577	41099	Undirected	4.0
-423577	74046	Undirected	4.0
-423577	107590	Undirected	4.0
-423577	9043	Undirected	4.0
-423577	111427	Undirected	4.0
-423577	102002	Undirected	4.0
-423577	27411	Undirected	4.0
-423577	-159795	Undirected	4.0
-423577	78648	Undirected	4.0
-423577	47424	Undirected	4.0
-423577	99913	Undirected	4.0
-423577	-189602	Undirected	4.0
-423577	54239	Undirected	5.0
-423577	9985	Undirected	4.0
-423577	-248516	Undirected	4.0
-423577	32006	Undirected	4.0
-423577	6534	Undirected	4.0
-423577	-462639	Undirected	4.0
-126494	44932	Undirected	6.0
-126494	11031	Undirected	4.0
-126494	16783	Undirected	4.0
-126494	73469	Undirected	4.0
-126494	91763	Undirected	5.0
-126494	-250227	Undirected	5.0
-126494	-240050	Undirected	5.0
-126494	13096	Undirected	4.0
-126494	41801	Undirected	4.0
-126494	-188696	Undirected	4.0
-126494	-98711	Undirected	4.0
-126494	-19895	Undirected	4.0
-126494	120848	Undirected	4.0
-126494	-187035	Undirected	4.0
-126494	48909	Undirected	4.0
-126494	41099	Undirected	4.0
-126494	74046	Undirected	4.0
-126494	107590	Undirected	4.0
-126494	-159795	Undirected	4.0
44932	11031	Undirected	4.0
44932	16783	Undirected	4.0
44932	73469	Undirected	4.0
44932	91763	Undirected	5.0
44932	-250227	Undirected	5.0
44932	-240050	Undirected	6.0
44932	13096	Undirected	5.0
44932	41801	Undirected	4.0
44932	-188696	Undirected	4.0
44932	-98711	Undirected	4.0
44932	-19895	Undirected	4.0
44932	120848	Undirected	4.0
44932	-187035	Undirected	4.0
44932	48909	Undirected	4.0
44932	41099	Undirected	4.0
44932	74046	Undirected	4.0
44932	107590	Undirected	4.0
44932	17193	Undirected	4.0
44932	47547	Undirected	4.0
44932	-159795	Undirected	5.0
44932	69217	Undirected	4.0
44932	-88630	Undirected	4.0
44932	-165020	Undirected	4.0
44932	-462639	Undirected	4.0
11031	16783	Undirected	4.0
11031	73469	Undirected	4.0
11031	91763	Undirected	4.0
11031	-250227	Undirected	4.0
11031	-240050	Undirected	4.0
11031	13096	Undirected	4.0
11031	41801	Undirected	4.0
11031	-188696	Undirected	4.0
11031	-98711	Undirected	4.0
11031	-19895	Undirected	4.0
11031	120848	Undirected	4.0
11031	-187035	Undirected	4.0
11031	48909	Undirected	4.0
11031	41099	Undirected	4.0
11031	74046	Undirected	4.0
11031	107590	Undirected	4.0
16783	73469	Undirected	4.0
16783	91763	Undirected	4.0
16783	-250227	Undirected	4.0
16783	-240050	Undirected	4.0
16783	13096	Undirected	4.0
16783	41801	Undirected	4.0
16783	-188696	Undirected	4.0
16783	-98711	Undirected	4.0
16783	-19895	Undirected	4.0
16783	120848	Undirected	4.0
16783	-187035	Undirected	4.0
16783	48909	Undirected	4.0
16783	41099	Undirected	4.0
16783	74046	Undirected	4.0
16783	107590	Undirected	4.0
73469	91763	Undirected	4.0
73469	-250227	Undirected	4.0
73469	-240050	Undirected	4.0
73469	13096	Undirected	4.0
73469	41801	Undirected	4.0
73469	-188696	Undirected	4.0
73469	-98711	Undirected	4.0
73469	-19895	Undirected	4.0
73469	120848	Undirected	4.0
73469	-187035	Undirected	4.0
73469	48909	Undirected	4.0
73469	41099	Undirected	4.0
73469	74046	Undirected	4.0
73469	107590	Undirected	4.0
91763	-250227	Undirected	5.0
91763	-240050	Undirected	5.0
91763	13096	Undirected	4.0
91763	41801	Undirected	4.0
91763	-188696	Undirected	4.0
91763	-98711	Undirected	4.0
91763	-19895	Undirected	4.0
91763	120848	Undirected	4.0
91763	-187035	Undirected	4.0
91763	48909	Undirected	4.0
91763	41099	Undirected	4.0
91763	74046	Undirected	4.0
91763	107590	Undirected	4.0
-250227	-240050	Undirected	5.0
-250227	13096	Undirected	4.0
-250227	41801	Undirected	6.0
-250227	-188696	Undirected	4.0
-250227	-98711	Undirected	4.0
-250227	-19895	Undirected	4.0
-250227	120848	Undirected	4.0
-250227	-187035	Undirected	4.0
-250227	48909	Undirected	4.0
-250227	41099	Undirected	4.0
-250227	74046	Undirected	4.0
-250227	107590	Undirected	4.0
-250227	9043	Undirected	4.0
-250227	111427	Undirected	4.0
-250227	102002	Undirected	4.0
-250227	27411	Undirected	4.0
-250227	-159795	Undirected	4.0
-250227	78648	Undirected	4.0
-250227	47424	Undirected	4.0
-250227	99913	Undirected	4.0
-250227	-189602	Undirected	4.0
-250227	54239	Undirected	5.0
-250227	9985	Undirected	4.0
-250227	-248516	Undirected	4.0
-250227	32006	Undirected	4.0
-250227	6534	Undirected	4.0
-250227	-462639	Undirected	4.0
-240050	13096	Undirected	6.0
-240050	41801	Undirected	4.0
-240050	-188696	Undirected	4.0
-240050	-98711	Undirected	4.0
-240050	-19895	Undirected	4.0
-240050	120848	Undirected	4.0
-240050	-187035	Undirected	4.0
-240050	48909	Undirected	4.0
-240050	41099	Undirected	4.0
-240050	74046	Undirected	4.0
-240050	107590	Undirected	4.0
-240050	-159795	Undirected	5.0
-240050	-10819	Undirected	4.0
-240050	107535	Undirected	4.0
-240050	-88630	Undirected	4.0
-240050	-165020	Undirected	5.0
-240050	6534	Undirected	4.0
-240050	-462639	Undirected	5.0
13096	41801	Undirected	4.0
13096	-188696	Undirected	4.0
13096	-98711	Undirected	4.0
13096	-19895	Undirected	4.0
13096	120848	Undirected	4.0
13096	-187035	Undirected	4.0
13096	48909	Undirected	4.0
13096	41099	Undirected	4.0
13096	74046	Undirected	4.0
13096	107590	Undirected	4.0
13096	-159795	Undirected	4.0
13096	-10819	Undirected	4.0
13096	107535	Undirected	4.0
13096	-88630	Undirected	4.0
13096	-165020	Undirected	5.0
13096	6534	Undirected	4.0
13096	-462639	Undirected	4.0
41801	-188696	Undirected	4.0
41801	-98711	Undirected	4.0
41801	-19895	Undirected	4.0
41801	120848	Undirected	4.0
41801	-187035	Undirected	4.0
41801	48909	Undirected	4.0
41801	41099	Undirected	4.0
41801	74046	Undirected	4.0
41801	107590	Undirected	4.0
41801	9043	Undirected	4.0
41801	111427	Undirected	4.0
41801	102002	Undirected	4.0
41801	27411	Undirected	4.0
41801	-107177	Undirected	4.0
41801	78648	Undirected	4.0
41801	47424	Undirected	4.0
41801	99913	Undirected	4.0
41801	-189602	Undirected	4.0
41801	54239	Undirected	5.0
41801	32006	Undirected	4.0
41801	6534	Undirected	4.0
-188696	-98711	Undirected	4.0
-188696	-19895	Undirected	4.0
-188696	120848	Undirected	4.0
-188696	-187035	Undirected	4.0
-188696	48909	Undirected	5.0
-188696	41099	Undirected	5.0
-188696	74046	Undirected	4.0
-188696	107590	Undirected	4.0
-98711	-19895	Undirected	4.0
-98711	120848	Undirected	4.0
-98711	-187035	Undirected	4.0
-98711	48909	Undirected	4.0
-98711	41099	Undirected	4.0
-98711	74046	Undirected	4.0
-98711	107590	Undirected	4.0
-19895	120848	Undirected	4.0
-19895	-187035	Undirected	4.0
-19895	48909	Undirected	4.0
-19895	41099	Undirected	4.0
-19895	74046	Undirected	4.0
-19895	107590	Undirected	4.0
120848	-187035	Undirected	4.0
120848	48909	Undirected	4.0
120848	41099	Undirected	4.0
120848	74046	Undirected	4.0
120848	107590	Undirected	4.0
-187035	48909	Undirected	4.0
-187035	41099	Undirected	4.0
-187035	74046	Undirected	4.0
-187035	107590	Undirected	4.0
48909	41099	Undirected	5.0
48909	74046	Undirected	4.0
48909	107590	Undirected	4.0
41099	74046	Undirected	4.0
41099	107590	Undirected	4.0
74046	107590	Undirected	4.0
9043	111427	Undirected	6.0
9043	27411	Undirected	4.0
9043	6534	Undirected	4.0
111427	27411	Undirected	4.0
111427	6534	Undirected	4.0
41239	-22878	Undirected	5.0
41239	-150653	Undirected	5.0
41239	71090	Undirected	4.0
41239	28301	Undirected	4.0
-22878	1361	Undirected	4.0
-22878	-150653	Undirected	6.0
-22878	71090	Undirected	5.0
-22878	-362253	Undirected	4.0
-22878	123858	Undirected	4.0
-22878	-516991	Undirected	4.0
-22878	-90068	Undirected	4.0
-22878	105828	Undirected	4.0
-22878	55297	Undirected	4.0
-22878	-11031	Undirected	4.0
-22878	-104967	Undirected	4.0
-22878	28301	Undirected	4.0
1361	-150653	Undirected	4.0
1361	71090	Undirected	4.0
-150653	71090	Undirected	5.0
-150653	123858	Undirected	4.0
-150653	-516991	Undirected	4.0
-150653	-11031	Undirected	4.0
-150653	-104967	Undirected	4.0
-150653	28301	Undirected	4.0
71090	15492	Undirected	4.0
71090	28188	Undirected	4.0
71090	29791	Undirected	4.0
71090	111388	Undirected	4.0
58698	14618	Undirected	4.0
102002	-453496	Undirected	4.0
102002	-3143	Undirected	5.0
102002	28387	Undirected	5.0
102002	125768	Undirected	4.0
102002	125098	Undirected	5.0
102002	-253734	Undirected	5.0
102002	24398	Undirected	4.0
102002	27411	Undirected	4.0
102002	43874	Undirected	5.0
102002	-422664	Undirected	4.0
102002	110100	Undirected	5.0
102002	-466014	Undirected	4.0
102002	47424	Undirected	4.0
102002	-189602	Undirected	4.0
102002	54239	Undirected	4.0
102002	12133	Undirected	4.0
102002	32006	Undirected	4.0
102002	6534	Undirected	4.0
102002	16037	Undirected	5.0
-453496	-3143	Undirected	5.0
-453496	125768	Undirected	4.0
-453496	24398	Undirected	4.0
-453496	43874	Undirected	4.0
-453496	-422664	Undirected	4.0
-453496	-429500	Undirected	4.0
-453496	73954	Undirected	4.0
-453496	110100	Undirected	4.0
-453496	-466014	Undirected	4.0
-3143	28387	Undirected	4.0
-3143	125768	Undirected	5.0
-3143	125098	Undirected	4.0
-3143	-253734	Undirected	4.0
-3143	24398	Undirected	5.0
-3143	43874	Undirected	5.0
-3143	-422664	Undirected	4.0
-3143	-429500	Undirected	4.0
-3143	73954	Undirected	4.0
-3143	110100	Undirected	5.0
-3143	-466014	Undirected	5.0
-3143	99913	Undirected	4.0
-3143	-189602	Undirected	4.0
-3143	12133	Undirected	4.0
-3143	32006	Undirected	4.0
28387	-253734	Undirected	5.0
125768	24398	Undirected	5.0
125098	43874	Undirected	4.0
125098	110100	Undirected	4.0
23398	36758	Undirected	5.0
23398	46173	Undirected	4.0
23398	74448	Undirected	4.0
23398	65739	Undirected	4.0
23398	54239	Undirected	5.0
23398	-117404	Undirected	5.0
23398	31317	Undirected	5.0
23398	46253	Undirected	5.0
23398	790	Undirected	5.0
23398	96816	Undirected	5.0
23398	-515733	Undirected	5.0
13417	14228	Undirected	4.0
13417	45429	Undirected	4.0
13417	29692	Undirected	4.0
123858	-516991	Undirected	4.0
123858	-11031	Undirected	4.0
123858	-104967	Undirected	4.0
123858	28301	Undirected	4.0
-516991	-11031	Undirected	4.0
-516991	-104967	Undirected	4.0
-516991	28301	Undirected	4.0
15492	28188	Undirected	4.0
15492	29791	Undirected	4.0
15492	111388	Undirected	4.0
-188636	-473149	Undirected	4.0
-11028	36017	Undirected	4.0
-178144	36017	Undirected	4.0
105828	55297	Undirected	4.0
28188	29791	Undirected	4.0
28188	111388	Undirected	4.0
29791	111388	Undirected	4.0
27411	47424	Undirected	4.0
27411	54239	Undirected	4.0
27411	32006	Undirected	4.0
27411	6534	Undirected	4.0
27411	-130149	Undirected	4.0
13603	111325	Undirected	4.0
36017	-114894	Undirected	4.0
36017	80062	Undirected	4.0
36017	-443602	Undirected	4.0
36017	123849	Undirected	4.0
36017	78277	Undirected	4.0
36017	128838	Undirected	4.0
36017	-462042	Undirected	4.0
36017	15654	Undirected	4.0
36017	120065	Undirected	4.0
36017	-160495	Undirected	4.0
36017	-118249	Undirected	4.0
36017	-115191	Undirected	4.0
-11031	-104967	Undirected	4.0
-11031	28301	Undirected	4.0
-104967	28301	Undirected	4.0
17193	-159795	Undirected	4.0
17193	69217	Undirected	4.0
-107177	-159795	Undirected	4.0
-107177	10928	Undirected	4.0
-107177	5179	Undirected	4.0
-107177	32006	Undirected	4.0
-107177	6534	Undirected	4.0
47547	-159795	Undirected	4.0
-159795	69217	Undirected	4.0
-159795	-111019	Undirected	4.0
-159795	-165020	Undirected	4.0
-159795	9985	Undirected	4.0
-159795	-248516	Undirected	4.0
-159795	32006	Undirected	4.0
-159795	6534	Undirected	5.0
-159795	-462639	Undirected	5.0
-159795	5587	Undirected	4.0
-159795	98559	Undirected	4.0
-159795	76609	Undirected	4.0
36758	54239	Undirected	5.0
36758	-117404	Undirected	5.0
36758	31317	Undirected	5.0
36758	46253	Undirected	5.0
36758	790	Undirected	5.0
36758	96816	Undirected	5.0
36758	-515733	Undirected	5.0
43874	-422664	Undirected	4.0
43874	-429500	Undirected	4.0
43874	73954	Undirected	4.0
43874	110100	Undirected	6.0
43874	-466014	Undirected	5.0
43874	-189602	Undirected	4.0
43874	12133	Undirected	4.0
-422664	-429500	Undirected	4.0
-422664	73954	Undirected	4.0
-422664	110100	Undirected	4.0
-422664	-466014	Undirected	4.0
-422664	16037	Undirected	4.0
-429500	73954	Undirected	4.0
-429500	110100	Undirected	4.0
-429500	-466014	Undirected	4.0
73954	110100	Undirected	4.0
73954	-466014	Undirected	4.0
110100	-466014	Undirected	5.0
110100	-189602	Undirected	4.0
110100	12133	Undirected	4.0
-466014	-189602	Undirected	4.0
-466014	12133	Undirected	4.0
-399564	-518814	Undirected	4.0
50221	123480	Undirected	4.0
50221	-109103	Undirected	4.0
123480	-109103	Undirected	4.0
46920	-468187	Undirected	4.0
-272444	-222179	Undirected	4.0
78648	-420725	Undirected	4.0
78648	54239	Undirected	4.0
95505	109610	Undirected	5.0
95505	-128441	Undirected	4.0
95505	7360	Undirected	4.0
109610	-128441	Undirected	4.0
109610	7360	Undirected	4.0
-467365	119092	Undirected	6.0
-467365	-113628	Undirected	6.0
119092	-113628	Undirected	6.0
14228	45429	Undirected	4.0
14228	29692	Undirected	4.0
45429	29692	Undirected	4.0
10636	-467571	Undirected	5.0
10636	-502987	Undirected	5.0
10636	-547615	Undirected	5.0
10636	-547284	Undirected	5.0
10636	-547376	Undirected	5.0
10636	-547368	Undirected	5.0
-467571	-502987	Undirected	5.0
-467571	-547615	Undirected	5.0
-467571	-547284	Undirected	5.0
-467571	-547376	Undirected	5.0
-467571	-547368	Undirected	5.0
-502987	-547615	Undirected	5.0
-502987	-547284	Undirected	5.0
-502987	-547376	Undirected	5.0
-502987	-547368	Undirected	5.0
-547615	-547284	Undirected	5.0
-547615	-547376	Undirected	5.0
-547615	-547368	Undirected	5.0
-547284	-547376	Undirected	5.0
-547284	-547368	Undirected	5.0
-547376	-547368	Undirected	5.0
29749	-427520	Undirected	5.0
29749	-462456	Undirected	5.0
-427520	-462456	Undirected	5.0
29807	124192	Undirected	4.0
-416208	78529	Undirected	4.0
-416208	108835	Undirected	4.0
78529	108835	Undirected	4.0
46173	74448	Undirected	4.0
46173	65739	Undirected	4.0
74448	65739	Undirected	4.0
10318	-463277	Undirected	5.0
10318	-87106	Undirected	5.0
10318	-414546	Undirected	5.0
10318	-163778	Undirected	5.0
10318	-461902	Undirected	5.0
15576	5779	Undirected	6.0
15576	31745	Undirected	4.0
-114894	80062	Undirected	4.0
-114894	-443602	Undirected	4.0
-114894	123849	Undirected	4.0
-114894	78277	Undirected	4.0
-114894	128838	Undirected	4.0
-114894	-462042	Undirected	4.0
-114894	15654	Undirected	4.0
-114894	120065	Undirected	4.0
-114894	-160495	Undirected	4.0
-114894	-118249	Undirected	4.0
-114894	-115191	Undirected	4.0
-463277	-87106	Undirected	5.0
-463277	-414546	Undirected	5.0
-463277	-163778	Undirected	5.0
-463277	-461902	Undirected	5.0
-87106	-414546	Undirected	6.0
-87106	-163778	Undirected	5.0
-87106	-461902	Undirected	6.0
-414546	-163778	Undirected	5.0
-414546	-461902	Undirected	6.0
-163778	-461902	Undirected	5.0
80062	-443602	Undirected	4.0
80062	123849	Undirected	4.0
80062	78277	Undirected	4.0
80062	128838	Undirected	4.0
80062	-462042	Undirected	4.0
80062	15654	Undirected	4.0
80062	120065	Undirected	4.0
80062	-160495	Undirected	4.0
80062	-118249	Undirected	4.0
80062	-115191	Undirected	4.0
-443602	123849	Undirected	4.0
-443602	78277	Undirected	4.0
-443602	128838	Undirected	4.0
-443602	-462042	Undirected	4.0
-443602	15654	Undirected	4.0
-443602	120065	Undirected	4.0
-443602	-160495	Undirected	4.0
-443602	-118249	Undirected	4.0
-443602	-115191	Undirected	4.0
123849	78277	Undirected	4.0
123849	128838	Undirected	4.0
123849	-462042	Undirected	4.0
123849	15654	Undirected	4.0
123849	120065	Undirected	4.0
123849	-160495	Undirected	4.0
123849	-118249	Undirected	4.0
123849	-115191	Undirected	4.0
78277	128838	Undirected	4.0
78277	-462042	Undirected	4.0
78277	15654	Undirected	4.0
78277	120065	Undirected	4.0
78277	-160495	Undirected	4.0
78277	-118249	Undirected	4.0
78277	-115191	Undirected	4.0
128838	-462042	Undirected	4.0
128838	15654	Undirected	4.0
128838	120065	Undirected	4.0
128838	-160495	Undirected	4.0
128838	-118249	Undirected	4.0
128838	-115191	Undirected	4.0
5779	31745	Undirected	4.0
-462042	15654	Undirected	4.0
-462042	120065	Undirected	4.0
-462042	-160495	Undirected	4.0
-462042	-118249	Undirected	4.0
-462042	-115191	Undirected	4.0
13969	-421541	Undirected	5.0
15654	120065	Undirected	4.0
15654	-160495	Undirected	4.0
15654	-118249	Undirected	4.0
15654	-115191	Undirected	4.0
120065	-160495	Undirected	4.0
120065	-118249	Undirected	4.0
120065	-115191	Undirected	4.0
-160495	-118249	Undirected	4.0
-160495	-115191	Undirected	4.0
-118249	-115191	Undirected	4.0
44068	-182984	Undirected	5.0
44068	-149568	Undirected	5.0
44068	43140	Undirected	5.0
-182984	-149568	Undirected	5.0
-182984	43140	Undirected	5.0
-149568	43140	Undirected	5.0
-423574	6974	Undirected	4.0
-423574	-204179	Undirected	4.0
6974	-204179	Undirected	4.0
-212765	84280	Undirected	4.0
-212765	38417	Undirected	4.0
84280	38417	Undirected	4.0
80543	-128033	Undirected	4.0
80543	-110198	Undirected	4.0
80543	-89740	Undirected	4.0
80543	96691	Undirected	4.0
-128033	-110198	Undirected	4.0
-128033	-89740	Undirected	4.0
-128033	96691	Undirected	4.0
-110198	-89740	Undirected	4.0
-110198	96691	Undirected	4.0
-89740	96691	Undirected	4.0
-128441	7360	Undirected	4.0
10928	5179	Undirected	4.0
123469	-120856	Undirected	5.0
123469	43826	Undirected	5.0
123469	-468308	Undirected	5.0
-120856	43826	Undirected	5.0
-120856	-468308	Undirected	6.0
43826	-468308	Undirected	5.0
43826	107535	Undirected	4.0
43826	-111019	Undirected	4.0
43826	18960	Undirected	4.0
43826	56944	Undirected	4.0
-468308	-462639	Undirected	4.0
-468308	5587	Undirected	4.0
-468308	18960	Undirected	4.0
-468308	-120053	Undirected	4.0
47424	-447973	Undirected	4.0
47424	54239	Undirected	4.0
47424	32006	Undirected	4.0
47424	6534	Undirected	4.0
-10819	107535	Undirected	5.0
-10819	-165020	Undirected	4.0
107535	12208	Undirected	4.0
107535	-165020	Undirected	4.0
-297224	10686	Undirected	4.0
-297224	-133775	Undirected	4.0
10686	-133775	Undirected	4.0
-133775	-111019	Undirected	4.0
-133775	32006	Undirected	4.0
-133775	6534	Undirected	4.0
-111019	6534	Undirected	4.0
-111019	18960	Undirected	4.0
-88630	-165020	Undirected	4.0
99913	-189602	Undirected	4.0
99913	54239	Undirected	4.0
99913	32006	Undirected	4.0
-189602	54239	Undirected	4.0
-189602	83313	Undirected	4.0
-189602	-258685	Undirected	4.0
-189602	12133	Undirected	4.0
54239	-117404	Undirected	5.0
54239	32006	Undirected	4.0
54239	6534	Undirected	4.0
54239	31317	Undirected	5.0
54239	46253	Undirected	5.0
54239	790	Undirected	5.0
54239	96816	Undirected	5.0
54239	-515733	Undirected	5.0
83313	-258685	Undirected	4.0
17757	-490603	Undirected	4.0
-165020	6534	Undirected	4.0
-165020	-462639	Undirected	4.0
100464	-206937	Undirected	4.0
100464	-20431	Undirected	4.0
100464	-244818	Undirected	4.0
-206937	-20431	Undirected	4.0
-206937	-244818	Undirected	4.0
-20431	-244818	Undirected	4.0
9985	-248516	Undirected	4.0
-117404	31317	Undirected	5.0
-117404	46253	Undirected	5.0
-117404	790	Undirected	5.0
-117404	96816	Undirected	5.0
-117404	-515733	Undirected	5.0
32006	6534	Undirected	5.0
32006	-462639	Undirected	4.0
6534	-462639	Undirected	5.0
6534	58296	Undirected	4.0
6534	5587	Undirected	4.0
6534	18960	Undirected	4.0
6534	-297059	Undirected	4.0
31317	46253	Undirected	5.0
31317	790	Undirected	5.0
31317	96816	Undirected	5.0
31317	-515733	Undirected	5.0
46253	790	Undirected	5.0
46253	96816	Undirected	5.0
46253	-515733	Undirected	5.0
790	96816	Undirected	5.0
790	-515733	Undirected	5.0
96816	-515733	Undirected	5.0
-462639	58296	Undirected	4.0
-462639	5587	Undirected	4.0
-462639	-120053	Undirected	4.0
5587	18960	Undirected	4.0
5587	-120053	Undirected	4.0
5587	-139598	Undirected	4.0
5587	98559	Undirected	4.0
5587	76609	Undirected	4.0
98559	76609	Undirected	4.0
-217083	-81456	Undirected	4.0
-217083	-475109	Undirected	4.0
-81456	-475109	Undirected	4.0
10482	95204	Undirected	4.0
68829	80541	Undirected	4.0
68829	-109337	Undirected	4.0
80541	-109337	Undirected	4.0
